ALPHA = 0.9
MIN_TEMPERATURE = 0.001
INITIAL_TEMPERATURE = 10.0
MAX_ITERATIONS = 10000
2-FullIns_3.col: FINAL-> Solution: [4 3 4 5 4 0 5 3 4 3 5 0 0 0 1 5 0 1 5 1 1 1 5 1 4 4 4 5 3 4 4 5 3 3 5 3 0
 0 0 0 1 1 0 1 0 0 1 0 5 4 1 3] /  Cost: 5 /  Time Elapsed: 347.11631751060486seconds
2-FullIns_4.col: FINAL-> Solution: [14  6 12 16 12  9  0 14  7 15 13 19 17 13  4  7 15 14  2 14  9 17  4 11
 17  3 10 13 17 15 10 13 16 21  6 10 14  2  7  0 16  5  1  1 17  1 14 14
  4  0 12  6 11  5  4  9 15 11  0 14 21  6  2 11 11 19 11  6  9  5  3  2
 11 15  3 11 19  9 19 11 10 11 16  1 18  6  4  5  2  1  7 13  9 11 21  2
 17 17  9  3 13 21  7 18 11  5  1 14 12 16  4  1  7 12 14 17  7 12  7 16
 18 18 16 13  7  1 14  5  3  3 12  3  4 17  2 21 12  4  1 12 17 21  3 15
  2  5 14 17 11  0  7  0  4 10  7  4 15  5  7  6 21 12 21 15  2 21  6  3
 19 21 18  7 18 21  3 16  0 15 11 17  9 16 10 16  3  4 16 16 12  9  4  4
  7  5 21  9 18  0  0  2  6  0 14 10  9 15 11 16 13 12  6  1] /  Cost: 20 /  Time Elapsed: 953.5538005828857seconds
4-FullIns_3.col: FINAL-> Solution: [ 6 10  5  9 10  4  9  9  7  4  0  1  7  4  5  3  1  6  0  9  9  1  4  4
  7  0  0  7  1  9 10 10  9  2 10  6  4  2  2  1  3 10  1  6  2  9  0  3
  4  3  5  3  1  6  6 10  5  6 10  3  2  6  2  2  0  7  2  7  2 10  7  7
  9  3  9  5  5 10  5  0  3  4  4  4  4  0  1  0  9  4  6 10  6  2  9  6
  9  7  1  1 10 10  3  7  3  7 10  3  0  3  7  9  2  4] /  Cost: 10 /  Time Elapsed: 557.6070313453674seconds
5-FullIns_3.col: FINAL-> Solution: [ 3  5  1  6 14 11 13  1 13  7  0 14  1  8  5 13  7 12  8  4 14 12  2  2
  7  5  0  2  3  2 12 14  6  7  1  5  3  7 12  2 11 11 13  5  1 11 11  1
  4  3  0  5  5  0 14  0 14  0  1 12 14  1  0  4  2  8  6  4  8  7 14  8
  3  8 11 13  3  8  7  4 13  7  3 11  5  7  4 14  2  1  1 14  1  1  7  7
  1  5  8  0  1  2  1 12  1 13  2  6  4  5  6  0  7 11  3  3  2  2 11 13
  7 11  6  7  6  6  1  3  3 14  2  4  1  4  6 13  4  0  1  1  1  3  4  2
  4  1  3 11  4  7  0 13  1  8] /  Cost: 13 /  Time Elapsed: 714.5279982089996seconds
queen5_5.col: FINAL-> Solution: [1 4 6 7 0 7 0 1 4 6 4 6 7 0 1 0 1 4 6 7 6 7 0 1 4] /  Cost: 5 /  Time Elapsed: 217.59455060958862seconds
queen6_6.col: FINAL-> Solution: [3 7 1 9 2 6 8 2 6 7 1 9 5 3 9 2 8 7 1 8 5 6 9 2 6 9 7 1 5 3 7 5 2 3 6 8] /  Cost: 8 /  Time Elapsed: 282.73808693885803seconds
queen7_7.col: FINAL-> Solution: [ 1  7  9 10  3  4  8 10  5  4  1  7  9  3  4  9  7  3 10  8  1  5 10  1
  4  9  7  2  9  2  3  7  8 10  4  8  1 10  9  4  2  5  7  4  2  8  5  3
 10] /  Cost: 9 /  Time Elapsed: 387.81799268722534seconds
queen9_9.col: FINAL-> Solution: [ 5 11  6  0 15  3  7 14  8 14  9 12  7  5  4  6 15  0 12  7  8  4  3 15
  5  9 11  6  3 11 10  0  9  2  8  7 11  8  0  9  6 10 12  4 14  2  5  3
 11  8  7 15 10  6  8  4 10 15 14  2  3  7  5  7 12  5  2 10  8  4 11  3
  3 14 15  6  7  5 10  0 12] /  Cost: 14 /  Time Elapsed: 513.4831981658936seconds
queen10_10.col: FINAL-> Solution: [ 1  0  2  3 18 14 16 10 11  9 13 16  1 11  0  5  2  4  7 15 10  9  4  7
 13 11 14  8  5  2  2  7  8 10 15  0  1 16 12 18 14 10  3  1  5  2  4 15
  0 11 11  2  0 12  3  8 10 14  4 13  0 12 15 18  1 16 11  5  3 10  5 18
 16  0  7 13 15  2  9  8 16 11 10  8  9  1  0  7 13 12 12 13 18 16 10  4
  5 11  2  0] /  Cost: 17 /  Time Elapsed: 604.676915884018seconds
queen11_11.col: FINAL-> Solution: [18 19  2 11  0  5  1  9 12  7 10  6 10 17  7  3 11 16  0 19 18  2 16  2
  5  8  6  4 10 15  9  1  7  9  1 10  2 12  3  6  4  0 15 16 10 15 12  1
 11  0 19 16  5  3 18 19 16  0 18  8 15  3 12  2  9  4  5  3 15 16  2  9
 17 11  4 19  1  7 17 18  6  4 10  5  1 15 11  0  4  5  3 17 19 12  0  7
  8 16  9  1  7 19  9 10 17  2  3 11  6  5 12 18  6  0 16  1  9  5  7  4
 19] /  Cost: 18 /  Time Elapsed: 707.7940609455109seconds
