ALPHA = 0.9
MIN_TEMPERATURE = 0.001
INITIAL_TEMPERATURE = 10.0
MAX_ITERATIONS = 50
2-FullIns_3.col: FINAL-> Solution: [ 0  6  0  2  9  4 10  6  3  9  6  0  4  3  0  7  7  4  7  6  3  4 10  2
  0 10 10  3  0  6  8  0  8  9  9  9  7  2  8  4  7  6  4  2  6  7  4  4
 10  8  7  9] /  Cost: 9 /  Time Elapsed: 1.8198606967926025seconds
2-FullIns_4.col: FINAL-> Solution: [15 20 34 26 32 25  7 25 17 24 34 33 34 32 26 29 14  2  1 27 31 19  4 28
 27  2 16 21 31 19  1 26 22 10 21 29 32 31 16 14 22 22 23 17 15  6  9  3
 26 33  6  4 16  2 30 30 32  2 15 19 16 22 21 26 19 25 16 17  2  9 10  9
  9 31 30 19 17  1 24 18 25 31  1  2 22 34  1 33 20  3 24 18 30 27 14 24
 30 17 16  3 24 10 32  2  9 23  6 15 18 18 29 33 25 12 10 26 23  8 21  2
 26 14 29 27 12 14  8 12  4 27 15 33 29 28 20 26 28 26 25  6 20 26  8 30
  4 18  9  8 30 30 17  9 12 34  7 26  3 26  1 16 28 12 19 28  9 29  8 26
 17 12 21 27  1 33 31 22 16  7  9 16 28 22  2  1 12 22 16 27 13 23 28 26
 17 29 16 16 13  3  9  2  1 34 16 30 28 18 24  3  4 29 31  6] /  Cost: 32 /  Time Elapsed: 5.2660133838653564seconds
4-FullIns_3.col: FINAL-> Solution: [13  8  5  5 16  8  4  7 16  5 11  7 16 13 14  8 11  5  1 11  4  1 13  0
  4 15 10  6  4  2  6  4 15  0 10  4 16 15  2 14  7  6 11  6 11  7 10  1
  8  7  7 11  2  1  1 15  0  4 13 17  2  4  8  0 13  6  0 15 16  4 13  0
 16 16 13 16  6  4 15 15  5  8 15 15  5 15 11 10 11  2  5  4 14 11  2  6
  0  4  2  5  6 16 14 14  0  4  4  6  1 16 13  5  0 15] /  Cost: 15 /  Time Elapsed: 2.967099189758301seconds
5-FullIns_3.col: FINAL-> Solution: [21  0 14 12  3  3  0 20 21 14 17  0 12  1 21  3  6 15 18 22  7 16 13  5
 13 13 17 13 22 21  8 20  8 22 10 16 16 16 13  1  1 16  0  8 18 21 17 10
 15  8 16 17 22 10 22 14 17 10 10 17 14  6 20  0 22 13 19  1 17 12 14  5
 11 16 11  1 13 19 15 15  0 19  5 21  3 14  5 16 21 10 18 20  1 17 17 18
 22  3 22 17  8 18 20 20 18  5 15  7 16 22 22 21  3  0  5 18 11 15 10 21
 19 19 10  7 10  1 20 11 11 21 18 14 17 18 21 10  6 22  5 20 18  3  5 12
 20  6  3  1 18 13 23  6  8 16] /  Cost: 21 /  Time Elapsed: 3.982501745223999seconds
queen5_5.col: FINAL-> Solution: [3 5 7 2 6 7 2 6 3 5 6 3 5 7 2 5 7 2 6 3 2 6 3 5 7] /  Cost: 5 /  Time Elapsed: 1.1265501976013184seconds
queen6_6.col: FINAL-> Solution: [11  9  6  1  7  2  1  2  7 11  5  3  7  4  9  3  2 10  5  6 10  4  1  9
  2  7 11  9 10  6  6  5  4  2 11  7] /  Cost: 10 /  Time Elapsed: 1.6073193550109863seconds
queen7_7.col: FINAL-> Solution: [ 0  5  4  6  1  3  7  7 14 11 12 13  9  4 13 12  9  8  0  5  6  9  3  6
  4 14 11  1  5  7 12 13  8  4  9 11  1  3  7  5  6 12  6  9 13  0  4  1
  5] /  Cost: 13 /  Time Elapsed: 1.8174123764038086seconds
queen9_9.col: FINAL-> Solution: [12  6 19 16 14  4 13  9  3  3 13 18  0  1  9  6 10 17  4 14  9 19 10  8
  0 16  1 19  8  2 17  5 16 12  3 18  2  9 15  1 18  3  8 14 16  8  0  3
 14  9 15 16 17 19  5 16  8 18 17  6  2  0 12  0 12  6  5 13 19 17  4 14
 17  2  0 12  6  1  9 19  5] /  Cost: 18 /  Time Elapsed: 2.613281726837158seconds
queen10_10.col: FINAL-> Solution: [14  8 21 18 10  9 11  5  1  4 17 22 20  0 15  8  4  3  6  7 20  3  2  6
 12  7  5 14 18 13 13 15  5 10 21  4  3 17 12  2  8 11  0  2 17 22 14  6
  4 21  3  4  8 21 11 13 10 22  9  0 22 12 13 17  3  0  1 18 20 10 15  7
 10 12  2 18  6  4 14  8 11  5  4 22 14 10  8 20  3 12  7 21  3 15  5  1
 12 11  8 18] /  Cost: 21 /  Time Elapsed: 2.976358413696289seconds
queen11_11.col: FINAL-> Solution: [11 14 26 12  2  5 22  4 15 10  3 22 19 23 13  4 11  9 12  2 16  5  3  4
 22 15  7 23 20  0 11 12  6  2 26  3 25  5 19  7  6 20  9  0 23 16 15 14
  0 12  1  2 26  4  7  6  0 10  4  9 15  3 28 13  1 25 10 15  6 26 27  7
  2  1 16 18 12  1  9 25  2 14 20 11  3 10  6 26 26 13  7 19  3  9  0 16
 14 27 10 19 10 18 11 26 27 23 22 12  5  4  5 11  0 23 12  2 13 20  1 26
 16] /  Cost: 25 /  Time Elapsed: 4.290729522705078seconds
