ALPHA = 0.9
MIN_TEMPERATURE = 0.001
INITIAL_TEMPERATURE = 10.0
MAX_ITERATIONS = 100
2-FullIns_3.col: FINAL-> Solution: [7 2 7 4 7 2 6 6 5 2 1 0 7 4 5 5 2 4 4 2 7 2 6 7 2 6 1 0 0 1 5 5 0 2 5 5 4
 0 0 1 6 7 4 7 4 7 4 4 2 0 4 5] /  Cost: 7 /  Time Elapsed: 3.378333568572998seconds
2-FullIns_4.col: FINAL-> Solution: [ 0 25 10 21 16 20 16 12 21  1 32  9 11 13  7 22 28 20 14 15 11  8 17 23
  0  9  4  7  2 21  2  0  6  1 27 12 16 14 16  4 16 20 27 25 14 19 16  7
  2  4 16 21  2 28  9 14 13  8 16 22 19 15 18  0  8  6  6  8  8  1  0 20
 24 13 23  9  9 25 30 17 23  0 28  6 12 27 15 23 15 12 23 13 14 16 17 19
  7  5  4 24 28  6 30 24 11  1 14 33  1 30 30 16 24 32 20 32  7 15 22 33
 25 23 16  5 32 21 18  2 14 13 20 21 17 21 13  2 27 10 21 32 27 21  2  5
 27  4  8 19  9 32 30 14 32 21  8  1 23 16 25  5 24  4  4 15 11 27 27 23
 11 22 11  2  6 12  7 18  5 13 20 25  7 15 20 24 28 27 30 28 10 27 16  4
 10  8 14  5 11 15 13 15 27 10 23 23 23 30 15 25 17 10  0 21] /  Cost: 30 /  Time Elapsed: 9.868714570999146seconds
4-FullIns_3.col: FINAL-> Solution: [17  2 13  0 13  5  7  0 16 11 14 17 13 17 14 10  5  7  4  7  4  5  4 11
 13  1  3 12 14 15 12 16 14  3  4 15  0 12  2 17 11 12 15 10  5  2 11 14
  5  6 10 11 11  5 11  6 15  7  5  6  7 15 12 10  3  2  7  4  2  2 14 12
  1 10  3 17  6 13 13  3  5 15  5  0  1 13 13 13 17  5 16 12 15  3 12 10
 10 17  6  4 13 15  1 11 11  4 12  3  2  6 16 13 12  7] /  Cost: 16 /  Time Elapsed: 5.84765362739563seconds
5-FullIns_3.col: FINAL-> Solution: [15  8  0  8 20  6 16 10  5  8 18 13 11  2  4  9 13  5  0  7  6 10  6 17
 12  6  1  4 13 11 12  6  6  1  0 16 20 17  8 17 10  6 17 18 15 18  9 11
 19 12 19  2 15  8 15  2  5 11  9  8 13 13 15  6  1 10 15 20  8 12 11  6
 20 10 10  1 17 18 16  6 18 10 12 19  9 16  6  2 10  1  7  2 13 15 15 13
 20  9  9  4  6  1  5 15 15 20  0  0 20  1  4  0  2 16 18 13  9 19 11  2
  8  8 13  0 11 11  8 19  7 19  1 10 15 18 17  9  9 18 15 12 17  9  9 19
 19 18 12  4 18  0  2 11 12 20] /  Cost: 19 /  Time Elapsed: 7.2481489181518555seconds
queen5_5.col: FINAL-> Solution: [6 1 4 5 3 5 3 6 1 4 1 4 5 3 6 3 6 1 4 5 4 5 3 6 1] /  Cost: 5 /  Time Elapsed: 2.349910259246826seconds
queen6_6.col: FINAL-> Solution: [ 4  9  1  7 11  2  8  3  2  5  0  7  9 11  8  3  4  5  3  2  5  1  8 11
  7  8 11  0  9  4 11  5  7  4  1  0] /  Cost: 10 /  Time Elapsed: 2.949784517288208seconds
queen7_7.col: FINAL-> Solution: [ 5  8  7  4  6  1 12  0  6 12  8  5 10  7  3  7  1 11  4  8  0 11  5  4
  7  3  6 10  7 12  0  5 11  4  3  6 11 10 12  8  0  5  8  0  5  6 10 12
  4] /  Cost: 11 /  Time Elapsed: 3.5458669662475586seconds
queen9_9.col: FINAL-> Solution: [14  9 16  7  1 13  4  5  6  6  4 11 13  2  5  0 12 10  7  2  3  8 11 14
 13 15  1 13 15  9  6  7  0 11 14  4  4  6 14 15 10 12  8  3  9 11 10 12
  5 13  7  6  4 16  3 16  8  1  4 11  5 13  2  2 14  4  0 15  1 10  9  5
 15  0  6  9  3  4 12  7 11] /  Cost: 17 /  Time Elapsed: 5.0770039558410645seconds
queen10_10.col: FINAL-> Solution: [ 6 19  0 16 14  1 11  3  9  7  4  1  8 19 15  5  9  6 22 14  8 10  5 13
  4 12 22 11  0 16 13  4  3  7 10 20  6 16 14  2  1 11 14  0  3  4 10 20
 12  6  2 20  1 12 19 13 15 22  3  8  3  8 16  5  1  6 19  9 11 13 14  5
 20  2  8  0 12  4 16  9 10  2 19  4 11  7  3 14 20 12  9 15 13  6  5 19
  0  2  1 10] /  Cost: 20 /  Time Elapsed: 5.858291387557983seconds
queen11_11.col: FINAL-> Solution: [12  4 16  1 22  7 20 19  9 10 14 13  3 10 20 14 11 18 16 15 25  9 19 11
  8 15  3  0 12 14 13  5 20  8 17 19 13 25 14  9  4 23 22  2 14  5  7 16
 24  2  1 22 19  4 18  9 19 14 11 18 16  3 17 12  0 10 18 10 22  4 12 17
 15  0 11  2  3 11  0 25  3 20  1 14 10 18 13 23 15 20  2 14  7 22 23  3
  4 19  5 16  7  0 12  8 25 13 18  1 11 22 22 24  5 17 13 12 11  2 20 15
 25] /  Cost: 24 /  Time Elapsed: 6.787051677703857seconds
