data;
set V := 1 2 3 4 5 6 7 8 9 10 11 12 13 14 15 16 17 18 19 20 21 22 23 24 25 26 27 28 29 30 31 32 33 34 35 36 37 38 39 40 41 42 43 44 45 46 47 48 49 50 51 52 53 54 55 56 57 58 59 60 61 62 63 64 65 66 67 68 69 70 71 72 73 74 75 76 77 78 79 80 81 82 83 84 85 86 87 88 89 90 91 92 93 94 95 96 97 98 99 100 101 102 103 104 105 106 107 108 109 110 111 112 113 114 115 116 117 118 119 120 121;
set E :=
	(85,121)
	(70,81)
	(46,50)
	(67,91)
	(34,1)
	(40,34)
	(86,42)
	(93,95)
	(3,23)
	(23,31)
	(3,11)
	(21,65)
	(31,111)
	(90,35)
	(37,114)
	(82,38)
	(103,33)
	(66,42)
	(90,97)
	(109,97)
	(83,87)
	(72,36)
	(59,23)
	(108,48)
	(108,119)
	(39,34)
	(82,58)
	(61,85)
	(91,81)
	(119,118)
	(7,31)
	(79,19)
	(110,105)
	(84,108)
	(108,64)
	(5,38)
	(82,80)
	(82,104)
	(14,19)
	(119,71)
	(86,96)
	(120,110)
	(114,116)
	(13,68)
	(28,29)
	(66,96)
	(27,29)
	(70,15)
	(80,36)
	(48,108)
	(49,97)
	(51,84)
	(69,102)
	(24,33)
	(54,98)
	(69,14)
	(51,27)
	(45,53)
	(119,107)
	(5,104)
	(18,13)
	(49,39)
	(113,80)
	(64,31)
	(85,63)
	(90,99)
	(109,99)
	(70,74)
	(42,37)
	(103,115)
	(24,2)
	(13,57)
	(27,75)
	(40,16)
	(51,40)
	(78,45)
	(35,44)
	(60,48)
	(112,62)
	(117,115)
	(10,6)
	(57,56)
	(113,111)
	(96,93)
	(72,24)
	(37,13)
	(50,53)
	(17,105)
	(18,29)
	(45,25)
	(75,87)
	(60,64)
	(96,19)
	(90,95)
	(22,17)
	(98,26)
	(74,94)
	(76,65)
	(44,22)
	(28,68)
	(32,82)
	(22,99)
	(35,83)
	(53,31)
	(80,88)
	(29,30)
	(25,5)
	(67,111)
	(23,47)
	(35,25)
	(82,102)
	(76,66)
	(50,83)
	(97,49)
	(118,19)
	(44,64)
	(103,59)
	(115,5)
	(111,31)
	(13,15)
	(98,87)
	(105,61)
	(86,106)
	(25,28)
	(7,47)
	(56,89)
	(93,91)
	(2,6)
	(19,59)
	(106,29)
	(97,93)
	(108,103)
	(66,106)
	(69,79)
	(57,67)
	(120,111)
	(94,58)
	(84,29)
	(9,33)
	(40,36)
	(48,70)
	(100,101)
	(113,102)
	(121,120)
	(20,30)
	(80,20)
	(98,109)
	(29,53)
	(88,33)
	(113,14)
	(18,68)
	(94,104)
	(54,94)
	(3,36)
	(75,108)
	(41,5)
	(31,64)
	(87,32)
	(39,36)
	(75,3)
	(10,5)
	(74,73)
	(62,98)
	(114,104)
	(42,75)
	(76,77)
	(91,25)
	(60,100)
	(48,84)
	(116,112)
	(74,96)
	(96,94)
	(89,12)
	(8,38)
	(53,64)
	(32,30)
	(106,86)
	(72,102)
	(73,83)
	(106,46)
	(56,92)
	(102,107)
	(114,111)
	(8,58)
	(20,53)
	(17,47)
	(42,86)
	(21,43)
	(73,25)
	(2,10)
	(99,63)
	(86,78)
	(15,4)
	(37,27)
	(75,9)
	(57,17)
	(38,27)
	(33,88)
	(62,60)
	(27,15)
	(68,71)
	(88,110)
	(107,59)
	(75,85)
	(50,98)
	(83,43)
	(7,8)
	(54,42)
	(11,51)
	(76,21)
	(16,36)
	(40,88)
	(115,38)
	(46,52)
	(99,51)
	(56,78)
	(23,26)
	(37,57)
	(81,51)
	(2,5)
	(87,117)
	(10,50)
	(60,65)
	(100,89)
	(90,91)
	(113,119)
	(83,61)
	(44,8)
	(50,60)
	(66,6)
	(110,26)
	(29,19)
	(16,115)
	(115,104)
	(19,14)
	(74,67)
	(21,41)
	(100,106)
	(59,58)
	(84,81)
	(41,38)
	(35,71)
	(18,15)
	(84,82)
	(40,20)
	(6,61)
	(2,110)
	(4,64)
	(44,32)
	(91,98)
	(114,102)
	(65,64)
	(56,6)
	(63,64)
	(1,25)
	(75,70)
	(9,59)
	(51,53)
	(79,35)
	(90,50)
	(95,71)
	(46,47)
	(77,65)
	(24,14)
	(16,88)
	(20,19)
	(101,107)
	(120,48)
	(120,119)
	(88,80)
	(87,3)
	(54,120)
	(21,81)
	(45,12)
	(76,43)
	(110,109)
	(31,32)
	(58,56)
	(86,116)
	(95,107)
	(28,83)
	(41,111)
	(97,73)
	(74,69)
	(92,80)
	(83,82)
	(92,104)
	(66,116)
	(80,47)
	(76,75)
	(15,39)
	(100,78)
	(112,115)
	(2,38)
	(27,25)
	(31,26)
	(49,50)
	(55,99)
	(104,16)
	(119,23)
	(47,119)
	(47,48)
	(103,79)
	(77,55)
	(13,49)
	(16,20)
	(39,105)
	(80,79)
	(86,2)
	(2,24)
	(14,17)
	(56,116)
	(87,85)
	(62,42)
	(78,56)
	(76,86)
	(23,3)
	(52,102)
	(77,117)
	(99,11)
	(114,48)
	(25,31)
	(114,119)
	(68,101)
	(96,97)
	(110,108)
	(21,15)
	(15,17)
	(94,64)
	(70,94)
	(76,68)
	(86,110)
	(69,77)
	(24,48)
	(7,3)
	(105,83)
	(35,42)
	(15,99)
	(114,64)
	(40,52)
	(66,110)
	(93,105)
	(113,103)
	(112,24)
	(62,63)
	(4,8)
	(63,103)
	(84,44)
	(5,65)
	(63,8)
	(121,33)
	(30,50)
	(46,26)
	(62,72)
	(7,9)
	(78,67)
	(35,101)
	(92,102)
	(65,32)
	(48,53)
	(22,88)
	(89,23)
	(96,99)
	(43,93)
	(103,100)
	(4,26)
	(102,62)
	(84,83)
	(100,10)
	(70,4)
	(43,19)
	(115,119)
	(101,35)
	(5,1)
	(14,34)
	(104,115)
	(105,115)
	(70,73)
	(87,27)
	(50,72)
	(121,110)
	(16,52)
	(3,47)
	(11,91)
	(101,51)
	(26,16)
	(64,9)
	(96,95)
	(20,12)
	(86,80)
	(65,55)
	(2,14)
	(120,32)
	(34,45)
	(99,91)
	(81,91)
	(39,79)
	(113,114)
	(51,71)
	(113,117)
	(45,89)
	(54,6)
	(18,7)
	(120,113)
	(71,27)
	(59,79)
	(91,101)
	(80,87)
	(109,105)
	(10,22)
	(31,9)
	(69,29)
	(86,88)
	(9,79)
	(85,80)
	(56,80)
	(56,104)
	(103,113)
	(100,110)
	(114,103)
	(40,18)
	(88,64)
	(37,49)
	(92,48)
	(37,7)
	(7,84)
	(53,9)
	(6,83)
	(47,113)
	(36,56)
	(97,95)
	(77,75)
	(7,27)
	(69,75)
	(56,111)
	(38,93)
	(73,72)
	(14,16)
	(70,67)
	(55,110)
	(72,77)
	(120,114)
	(120,117)
	(79,91)
	(114,113)
	(29,51)
	(28,94)
	(26,36)
	(50,62)
	(7,40)
	(54,10)
	(15,5)
	(13,73)
	(14,91)
	(30,20)
	(58,34)
	(118,34)
	(33,26)
	(60,57)
	(119,115)
	(95,62)
	(19,55)
	(75,53)
	(4,3)
	(45,23)
	(111,112)
	(63,3)
	(1,4)
	(64,84)
	(77,68)
	(69,68)
	(84,60)
	(74,50)
	(91,89)
	(86,14)
	(68,76)
	(21,98)
	(117,77)
	(16,18)
	(35,23)
	(78,34)
	(94,114)
	(115,103)
	(101,11)
	(49,48)
	(45,54)
	(46,112)
	(86,31)
	(22,52)
	(48,60)
	(104,105)
	(4,9)
	(36,35)
	(25,32)
	(64,40)
	(114,117)
	(71,74)
	(100,80)
	(100,104)
	(11,88)
	(31,27)
	(65,85)
	(63,85)
	(69,57)
	(95,23)
	(119,59)
	(103,37)
	(115,65)
	(112,79)
	(25,26)
	(69,81)
	(99,88)
	(28,4)
	(17,61)
	(29,62)
	(81,88)
	(14,36)
	(96,91)
	(3,87)
	(39,87)
	(43,73)
	(115,113)
	(73,106)
	(91,69)
	(100,111)
	(50,54)
	(82,86)
	(41,8)
	(82,46)
	(91,92)
	(16,26)
	(51,63)
	(10,8)
	(119,20)
	(79,115)
	(46,70)
	(47,3)
	(13,97)
	(58,91)
	(73,69)
	(58,28)
	(41,65)
	(34,94)
	(106,94)
	(57,105)
	(107,108)
	(59,66)
	(83,71)
	(92,103)
	(86,119)
	(1,67)
	(10,32)
	(115,55)
	(30,52)
	(107,77)
	(66,22)
	(1,89)
	(102,36)
	(19,13)
	(52,55)
	(111,61)
	(80,90)
	(44,74)
	(97,91)
	(115,114)
	(86,64)
	(80,70)
	(115,117)
	(79,88)
	(116,118)
	(18,73)
	(66,64)
	(78,28)
	(72,75)
	(98,93)
	(76,98)
	(23,30)
	(82,81)
	(48,12)
	(100,102)
	(105,101)
	(61,63)
	(77,74)
	(101,91)
	(13,17)
	(32,62)
	(117,29)
	(2,8)
	(70,34)
	(89,59)
	(112,100)
	(24,13)
	(19,29)
	(81,31)
	(56,64)
	(103,43)
	(54,104)
	(63,27)
	(109,32)
	(88,55)
	(61,97)
	(80,84)
	(27,67)
	(105,72)
	(43,35)
	(37,73)
	(81,105)
	(61,51)
	(57,64)
	(67,27)
	(72,68)
	(25,3)
	(14,20)
	(28,39)
	(80,40)
	(51,62)
	(27,39)
	(35,2)
	(62,110)
	(92,114)
	(106,96)
	(36,34)
	(75,71)
	(32,23)
	(70,10)
	(59,37)
	(34,56)
	(55,31)
	(102,58)
	(50,2)
	(2,1)
	(61,17)
	(1,78)
	(98,118)
	(9,21)
	(84,72)
	(25,85)
	(19,41)
	(46,82)
	(5,15)
	(32,54)
	(68,38)
	(40,90)
	(50,110)
	(118,88)
	(30,18)
	(40,70)
	(12,84)
	(6,42)
	(47,27)
	(31,30)
	(69,25)
	(51,11)
	(27,99)
	(10,3)
	(68,24)
	(48,72)
	(32,76)
	(56,100)
	(68,58)
	(84,120)
	(37,67)
	(71,93)
	(105,106)
	(1,6)
	(62,38)
	(64,53)
	(20,16)
	(103,81)
	(33,43)
	(37,35)
	(37,97)
	(38,35)
	(68,104)
	(34,67)
	(24,68)
	(28,78)
	(78,111)
	(55,48)
	(55,22)
	(62,58)
	(80,82)
	(48,120)
	(40,84)
	(117,81)
	(95,115)
	(40,43)
	(51,54)
	(62,59)
	(63,74)
	(60,49)
	(17,53)
	(34,35)
	(24,27)
	(105,69)
	(83,72)
	(66,65)
	(10,9)
	(18,17)
	(49,109)
	(59,29)
	(35,38)
	(31,53)
	(42,97)
	(115,75)
	(74,64)
	(30,26)
	(39,43)
	(8,41)
	(36,91)
	(70,50)
	(9,29)
	(50,38)
	(35,24)
	(85,65)
	(6,72)
	(61,11)
	(35,59)
	(56,65)
	(42,39)
	(24,57)
	(107,41)
	(28,6)
	(84,106)
	(15,48)
	(15,22)
	(82,83)
	(37,17)
	(43,34)
	(103,15)
	(39,40)
	(39,61)
	(1,10)
	(18,78)
	(52,46)
	(95,59)
	(9,75)
	(18,95)
	(50,80)
	(2,13)
	(25,27)
	(66,55)
	(76,4)
	(59,61)
	(19,15)
	(32,33)
	(109,85)
	(54,48)
	(104,109)
	(56,1)
	(63,30)
	(85,55)
	(102,52)
	(90,112)
	(1,5)
	(9,86)
	(80,30)
	(97,31)
	(38,62)
	(76,96)
	(1,2)
	(14,47)
	(75,63)
	(87,107)
	(54,64)
	(88,86)
	(18,6)
	(46,53)
	(89,79)
	(96,52)
	(94,74)
	(121,66)
	(121,119)
	(16,40)
	(76,72)
	(100,103)
	(49,9)
	(28,116)
	(23,71)
	(114,74)
	(31,19)
	(62,102)
	(91,80)
	(49,85)
	(5,45)
	(112,90)
	(71,107)
	(101,105)
	(62,14)
	(72,83)
	(104,108)
	(53,93)
	(118,52)
	(22,112)
	(90,70)
	(92,68)
	(121,55)
	(59,81)
	(81,26)
	(27,5)
	(23,107)
	(61,91)
	(82,49)
	(37,34)
	(85,37)
	(48,54)
	(74,8)
	(42,6)
	(2,86)
	(14,18)
	(76,67)
	(78,48)
	(27,28)
	(103,83)
	(50,14)
	(121,77)
	(93,82)
	(99,87)
	(42,34)
	(2,68)
	(100,1)
	(5,49)
	(81,87)
	(5,7)
	(16,82)
	(23,12)
	(74,26)
	(30,85)
	(33,30)
	(58,47)
	(59,15)
	(90,40)
	(68,79)
	(76,106)
	(89,100)
	(113,93)
	(99,109)
	(32,24)
	(28,50)
	(121,37)
	(112,46)
	(52,74)
	(110,121)
	(91,102)
	(2,57)
	(63,93)
	(8,44)
	(18,28)
	(47,45)
	(43,36)
	(63,19)
	(49,27)
	(91,14)
	(106,116)
	(76,69)
	(60,96)
	(119,108)
	(105,110)
	(15,26)
	(32,20)
	(60,56)
	(33,44)
	(38,16)
	(35,119)
	(33,53)
	(41,74)
	(92,15)
	(98,62)
	(1,111)
	(79,87)
	(87,97)
	(54,65)
	(108,97)
	(111,118)
	(54,32)
	(116,76)
	(40,44)
	(25,30)
	(30,70)
	(57,112)
	(101,79)
	(87,51)
	(107,83)
	(111,71)
	(99,77)
	(85,75)
	(21,10)
	(39,44)
	(71,35)
	(77,73)
	(82,94)
	(66,86)
	(46,118)
	(104,84)
	(17,12)
	(19,49)
	(106,110)
	(19,7)
	(70,48)
	(71,51)
	(110,101)
	(85,86)
	(83,33)
	(11,21)
	(54,55)
	(75,76)
	(80,60)
	(81,85)
	(69,72)
	(2,74)
	(85,41)
	(93,53)
	(3,25)
	(54,114)
	(78,8)
	(25,45)
	(56,68)
	(59,83)
	(10,30)
	(30,40)
	(38,36)
	(45,100)
	(22,82)
	(98,54)
	(105,104)
	(7,51)
	(66,57)
	(95,18)
	(111,12)
	(52,45)
	(6,2)
	(29,79)
	(98,76)
	(57,27)
	(44,35)
	(64,63)
	(56,57)
	(38,115)
	(63,107)
	(72,94)
	(15,3)
	(77,67)
	(74,85)
	(85,81)
	(69,67)
	(99,90)
	(50,100)
	(90,30)
	(84,24)
	(81,70)
	(26,70)
	(69,89)
	(77,97)
	(48,38)
	(76,10)
	(62,65)
	(97,87)
	(13,22)
	(102,108)
	(14,21)
	(115,49)
	(79,112)
	(84,80)
	(76,116)
	(69,39)
	(48,58)
	(113,73)
	(104,82)
	(48,24)
	(84,104)
	(51,52)
	(28,31)
	(48,59)
	(29,18)
	(36,47)
	(52,49)
	(61,105)
	(62,66)
	(27,31)
	(110,62)
	(81,84)
	(53,63)
	(7,62)
	(97,109)
	(72,42)
	(31,51)
	(86,74)
	(71,11)
	(116,115)
	(67,12)
	(11,61)
	(40,60)
	(65,56)
	(105,102)
	(77,17)
	(9,49)
	(101,109)
	(118,108)
	(53,51)
	(76,28)
	(45,55)
	(81,61)
	(89,90)
	(47,107)
	(68,77)
	(58,3)
	(77,99)
	(20,18)
	(83,80)
	(59,60)
	(72,96)
	(96,85)
	(91,103)
	(64,62)
	(41,19)
	(21,111)
	(97,108)
	(28,48)
	(7,11)
	(89,29)
	(49,53)
	(103,4)
	(75,115)
	(79,84)
	(70,26)
	(50,55)
	(28,64)
	(73,103)
	(82,106)
	(118,85)
	(101,108)
	(60,63)
	(5,35)
	(103,101)
	(91,113)
	(102,90)
	(44,11)
	(16,60)
	(118,112)
	(72,120)
	(2,7)
	(19,96)
	(97,9)
	(44,34)
	(90,93)
	(15,27)
	(93,71)
	(97,85)
	(73,113)
	(42,31)
	(33,121)
	(81,82)
	(71,16)
	(94,96)
	(82,92)
	(63,51)
	(36,26)
	(78,85)
	(18,48)
	(18,22)
	(51,18)
	(72,67)
	(16,71)
	(104,44)
	(35,37)
	(71,91)
	(68,90)
	(85,83)
	(101,21)
	(21,14)
	(5,17)
	(31,11)
	(64,54)
	(117,120)
	(73,1)
	(58,70)
	(118,70)
	(101,112)
	(96,84)
	(8,4)
	(82,78)
	(72,39)
	(49,93)
	(64,76)
	(75,20)
	(65,17)
	(21,31)
	(1,8)
	(49,19)
	(103,67)
	(40,42)
	(8,96)
	(73,117)
	(35,13)
	(23,33)
	(29,77)
	(56,45)
	(42,22)
	(84,48)
	(79,82)
	(107,96)
	(107,101)
	(92,94)
	(62,29)
	(111,23)
	(39,42)
	(111,11)
	(47,35)
	(68,75)
	(72,69)
	(101,90)
	(52,4)
	(53,54)
	(121,25)
	(110,33)
	(84,64)
	(16,12)
	(42,64)
	(72,92)
	(103,106)
	(94,97)
	(33,63)
	(47,51)
	(65,95)
	(19,39)
	(64,16)
	(117,106)
	(28,8)
	(20,108)
	(58,61)
	(59,4)
	(95,90)
	(78,84)
	(51,87)
	(52,96)
	(94,39)
	(37,47)
	(68,46)
	(60,50)
	(21,22)
	(9,4)
	(24,35)
	(17,16)
	(71,115)
	(28,32)
	(105,100)
	(39,63)
	(85,49)
	(13,109)
	(117,69)
	(88,4)
	(11,44)
	(27,32)
	(95,29)
	(97,61)
	(83,119)
	(103,92)
	(62,86)
	(102,82)
	(47,17)
	(36,3)
	(108,88)
	(4,11)
	(87,88)
	(109,107)
	(39,72)
	(28,26)
	(99,44)
	(45,46)
	(46,54)
	(31,91)
	(74,30)
	(92,4)
	(94,17)
	(54,74)
	(119,83)
	(101,61)
	(20,21)
	(73,13)
	(95,75)
	(94,99)
	(18,8)
	(93,63)
	(68,57)
	(72,6)
	(35,46)
	(44,36)
	(57,93)
	(92,96)
	(100,45)
	(25,35)
	(25,97)
	(115,67)
	(43,87)
	(50,86)
	(35,41)
	(50,46)
	(121,49)
	(92,56)
	(35,68)
	(4,76)
	(38,18)
	(108,20)
	(58,82)
	(82,5)
	(105,65)
	(13,3)
	(118,82)
	(26,25)
	(104,60)
	(107,106)
	(62,57)
	(61,109)
	(45,57)
	(94,95)
	(30,60)
	(32,21)
	(43,109)
	(39,89)
	(45,81)
	(23,24)
	(55,45)
	(23,59)
	(30,118)
	(110,38)
	(67,76)
	(106,103)
	(40,62)
	(59,89)
	(46,16)
	(1,3)
	(20,90)
	(112,42)
	(104,71)
	(20,70)
	(35,57)
	(9,89)
	(108,31)
	(41,35)
	(22,12)
	(13,85)
	(59,39)
	(94,6)
	(12,23)
	(105,55)
	(37,26)
	(1,13)
	(4,16)
	(69,80)
	(29,40)
	(113,91)
	(110,104)
	(108,105)
	(44,88)
	(51,21)
	(96,30)
	(42,32)
	(9,39)
	(13,112)
	(41,51)
	(76,64)
	(72,116)
	(8,78)
	(94,34)
	(105,117)
	(33,23)
	(112,101)
	(3,69)
	(92,97)
	(64,88)
	(14,25)
	(45,15)
	(55,49)
	(55,7)
	(77,88)
	(59,69)
	(27,3)
	(64,58)
	(118,30)
	(73,68)
	(24,34)
	(36,84)
	(64,59)
	(32,29)
	(59,92)
	(112,72)
	(83,103)
	(99,98)
	(9,69)
	(26,98)
	(54,45)
	(20,40)
	(41,17)
	(21,32)
	(35,15)
	(44,20)
	(115,95)
	(8,6)
	(55,19)
	(117,116)
	(111,115)
	(32,43)
	(74,19)
	(46,36)
	(2,35)
	(37,109)
	(61,21)
	(106,117)
	(112,120)
	(64,20)
	(84,114)
	(36,40)
	(43,21)
	(88,99)
	(83,113)
	(84,117)
	(94,116)
	(40,76)
	(48,55)
	(102,25)
	(51,29)
	(92,99)
	(17,20)
	(11,71)
	(48,114)
	(12,16)
	(85,73)
	(88,78)
	(110,102)
	(15,19)
	(31,20)
	(47,91)
	(66,56)
	(6,66)
	(54,49)
	(103,110)
	(81,71)
	(85,96)
	(49,51)
	(97,53)
	(94,91)
	(89,98)
	(65,115)
	(94,28)
	(14,98)
	(8,10)
	(53,20)
	(92,95)
	(6,1)
	(116,66)
	(9,6)
	(51,61)
	(120,36)
	(104,101)
	(67,115)
	(87,79)
	(10,11)
	(24,28)
	(51,46)
	(48,37)
	(46,58)
	(47,50)
	(46,24)
	(41,34)
	(16,76)
	(71,47)
	(8,5)
	(30,63)
	(51,41)
	(4,88)
	(119,121)
	(8,2)
	(76,32)
	(94,50)
	(115,116)
	(37,85)
	(120,115)
	(11,121)
	(86,97)
	(112,92)
	(47,36)
	(73,74)
	(3,10)
	(4,59)
	(28,27)
	(12,36)
	(105,75)
	(99,121)
	(80,58)
	(42,9)
	(64,52)
	(93,16)
	(56,67)
	(77,22)
	(22,62)
	(74,107)
	(25,91)
	(95,83)
	(70,30)
	(43,40)
	(107,110)
	(119,42)
	(9,10)
	(103,104)
	(57,63)
	(51,81)
	(3,5)
	(42,112)
	(80,104)
	(115,91)
	(3,2)
	(27,57)
	(21,13)
	(57,35)
	(52,28)
	(100,56)
	(96,60)
	(109,54)
	(18,84)
	(9,5)
	(37,70)
	(96,118)
	(9,2)
	(117,111)
	(92,116)
	(53,52)
	(62,7)
	(89,94)
	(45,49)
	(75,77)
	(109,76)
	(22,11)
	(34,70)
	(11,101)
	(66,99)
	(41,91)
	(58,60)
	(14,12)
	(29,25)
	(88,28)
	(25,36)
	(20,44)
	(52,50)
	(105,57)
	(51,15)
	(7,18)
	(38,43)
	(58,118)
	(65,105)
	(84,86)
	(105,81)
	(82,22)
	(98,108)
	(49,54)
	(15,12)
	(92,91)
	(50,49)
	(96,107)
	(119,120)
	(100,67)
	(23,100)
	(40,38)
	(33,24)
	(48,46)
	(95,98)
	(107,104)
	(37,61)
	(37,40)
	(38,40)
	(85,78)
	(103,102)
	(53,47)
	(80,102)
	(85,95)
	(12,20)
	(93,115)
	(32,44)
	(110,100)
	(39,38)
	(48,68)
	(57,62)
	(108,109)
	(80,14)
	(34,40)
	(87,109)
	(30,23)
	(118,107)
	(3,58)
	(40,80)
	(121,99)
	(4,52)
	(112,116)
	(39,59)
	(83,86)
	(38,41)
	(63,52)
	(96,12)
	(98,21)
	(79,101)
	(101,71)
	(89,101)
	(89,96)
	(104,54)
	(17,18)
	(3,80)
	(97,107)
	(19,31)
	(49,16)
	(22,16)
	(99,89)
	(30,54)
	(115,111)
	(32,25)
	(112,2)
	(6,46)
	(55,51)
	(102,42)
	(48,81)
	(72,48)
	(72,22)
	(56,34)
	(118,121)
	(116,61)
	(73,49)
	(16,38)
	(73,7)
	(94,105)
	(15,63)
	(2,50)
	(28,30)
	(69,113)
	(113,47)
	(46,79)
	(38,82)
	(26,62)
	(1,45)
	(24,31)
	(15,35)
	(73,93)
	(110,66)
	(98,90)
	(97,121)
	(83,81)
	(34,82)
	(102,101)
	(107,102)
	(103,48)
	(78,12)
	(16,104)
	(15,51)
	(117,119)
	(67,47)
	(50,94)
	(71,77)
	(108,9)
	(19,22)
	(89,67)
	(47,52)
	(99,92)
	(43,44)
	(48,15)
	(102,72)
	(43,53)
	(79,89)
	(84,74)
	(96,63)
	(95,94)
	(67,79)
	(87,21)
	(98,43)
	(54,51)
	(69,117)
	(26,23)
	(18,30)
	(81,11)
	(3,102)
	(20,60)
	(64,66)
	(1,49)
	(55,95)
	(13,19)
	(1,7)
	(89,39)
	(32,98)
	(61,83)
	(82,32)
	(3,14)
	(110,77)
	(58,63)
	(10,20)
	(118,63)
	(61,25)
	(71,21)
	(14,62)
	(5,8)
	(30,33)
	(68,72)
	(49,115)
	(100,34)
	(115,105)
	(91,94)
	(121,116)
	(62,56)
	(45,56)
	(86,50)
	(89,69)
	(8,48)
	(14,69)
	(55,11)
	(89,92)
	(7,37)
	(9,31)
	(64,108)
	(41,31)
	(105,45)
	(107,119)
	(42,30)
	(89,99)
	(27,49)
	(27,7)
	(104,110)
	(90,20)
	(16,14)
	(69,3)
	(112,111)
	(102,106)
	(80,100)
	(68,67)
	(71,70)
	(108,84)
	(27,93)
	(38,44)
	(87,84)
	(87,43)
	(95,96)
	(49,59)
	(31,108)
	(17,77)
	(52,48)
	(52,22)
	(89,78)
	(72,32)
	(102,69)
	(45,67)
	(42,53)
	(59,48)
	(52,64)
	(53,108)
	(59,119)
	(102,92)
	(119,116)
	(75,15)
	(65,87)
	(12,18)
	(63,87)
	(22,20)
	(43,98)
	(23,29)
	(9,119)
	(53,77)
	(58,62)
	(11,33)
	(17,37)
	(91,96)
	(19,8)
	(41,52)
	(59,64)
	(25,47)
	(36,12)
	(104,38)
	(17,21)
	(88,22)
	(99,33)
	(7,29)
	(9,64)
	(26,33)
	(62,106)
	(71,61)
	(31,21)
	(65,109)
	(68,69)
	(76,74)
	(18,19)
	(61,60)
	(101,89)
	(112,102)
	(20,42)
	(66,88)
	(117,113)
	(92,22)
	(68,92)
	(60,84)
	(30,24)
	(7,43)
	(35,39)
	(26,2)
	(104,80)
	(60,27)
	(120,87)
	(107,100)
	(95,89)
	(106,7)
	(45,69)
	(50,39)
	(100,50)
	(61,71)
	(84,7)
	(11,110)
	(62,92)
	(13,12)
	(116,83)
	(5,3)
	(24,32)
	(44,84)
	(60,40)
	(86,20)
	(113,3)
	(111,21)
	(114,26)
	(32,42)
	(44,43)
	(40,100)
	(68,78)
	(96,76)
	(26,110)
	(87,82)
	(15,16)
	(110,86)
	(120,109)
	(95,106)
	(82,85)
	(48,49)
	(103,114)
	(91,67)
	(107,103)
	(24,26)
	(107,8)
	(117,114)
	(55,50)
	(57,59)
	(17,29)
	(91,97)
	(1,73)
	(8,32)
	(44,40)
	(45,78)
	(38,98)
	(62,95)
	(121,111)
	(5,9)
	(71,82)
	(73,67)
	(67,77)
	(29,89)
	(49,52)
	(95,92)
	(1,56)
	(64,61)
	(31,43)
	(112,22)
	(14,2)
	(73,97)
	(112,119)
	(52,8)
	(105,94)
	(120,108)
	(113,112)
	(35,95)
	(21,19)
	(61,121)
	(32,72)
	(38,60)
	(73,51)
	(59,103)
	(33,66)
	(29,106)
	(8,1)
	(6,7)
	(26,38)
	(53,43)
	(90,79)
	(52,32)
	(104,102)
	(31,61)
	(14,110)
	(51,101)
	(26,24)
	(9,8)
	(81,59)
	(26,59)
	(34,118)
	(46,90)
	(3,113)
	(32,120)
	(59,65)
	(38,71)
	(91,99)
	(17,41)
	(29,69)
	(54,50)
	(13,35)
	(12,108)
	(119,111)
	(49,47)
	(107,117)
	(50,6)
	(43,42)
	(84,94)
	(82,27)
	(53,46)
	(68,116)
	(4,70)
	(55,88)
	(49,79)
	(120,112)
	(3,1)
	(29,23)
	(1,97)
	(91,95)
	(53,41)
	(25,109)
	(40,117)
	(18,12)
	(102,110)
	(33,77)
	(92,32)
	(19,9)
	(106,107)
	(96,36)
	(108,53)
	(61,101)
	(67,70)
	(68,2)
	(19,85)
	(9,1)
	(5,27)
	(14,38)
	(79,24)
	(111,41)
	(92,26)
	(73,95)
	(79,59)
	(69,74)
	(12,21)
	(65,43)
	(63,43)
	(14,58)
	(43,63)
	(59,114)
	(14,24)
	(68,28)
	(61,72)
	(10,87)
	(60,30)
	(79,80)
	(37,121)
	(45,5)
	(62,2)
	(8,3)
	(58,36)
	(83,94)
	(22,18)
	(50,10)
	(33,21)
	(14,80)
	(40,37)
	(114,112)
	(4,40)
	(34,12)
	(50,116)
	(65,61)
	(63,61)
	(51,39)
	(100,105)
	(106,73)
	(32,92)
	(70,76)
	(2,26)
	(6,94)
	(10,109)
	(121,22)
	(35,5)
	(24,112)
	(51,106)
	(27,51)
	(43,120)
	(84,73)
	(39,37)
	(111,81)
	(89,111)
	(101,2)
	(118,115)
	(120,84)
	(17,15)
	(120,43)
	(71,83)
	(80,86)
	(84,96)
	(48,4)
	(26,14)
	(38,42)
	(15,20)
	(110,44)
	(112,32)
	(109,87)
	(55,105)
	(80,68)
	(57,47)
	(23,83)
	(112,113)
	(96,24)
	(50,28)
	(48,96)
	(28,17)
	(114,70)
	(102,80)
	(101,110)
	(102,104)
	(116,121)
	(45,50)
	(23,25)
	(27,17)
	(57,79)
	(13,23)
	(3,13)
	(9,3)
	(58,38)
	(115,85)
	(18,51)
	(105,39)
	(94,84)
	(33,29)
	(83,73)
	(61,62)
	(4,81)
	(52,85)
	(118,58)
	(16,21)
	(29,33)
	(58,59)
	(64,44)
	(40,29)
	(114,84)
	(115,112)
	(6,4)
	(117,57)
	(1,11)
	(80,81)
	(68,80)
	(52,112)
	(77,53)
	(14,102)
	(24,84)
	(87,98)
	(104,100)
	(1,34)
	(29,5)
	(55,52)
	(78,88)
	(39,29)
	(69,45)
	(74,52)
	(112,114)
	(119,64)
	(112,117)
	(30,100)
	(99,119)
	(85,8)
	(105,17)
	(36,16)
	(41,85)
	(22,66)
	(42,35)
	(6,56)
	(86,26)
	(93,90)
	(88,85)
	(109,108)
	(10,21)
	(106,51)
	(60,93)
	(81,79)
	(8,68)
	(108,60)
	(101,24)
	(116,96)
	(3,75)
	(39,75)
	(2,3)
	(72,74)
	(108,118)
	(97,20)
	(17,83)
	(75,42)
	(18,62)
	(45,111)
	(101,104)
	(56,26)
	(92,112)
	(32,10)
	(116,72)
	(102,14)
	(31,25)
	(40,41)
	(93,43)
	(86,87)
	(55,47)
	(71,60)
	(105,95)
	(13,16)
	(69,49)
	(110,98)
	(109,37)
	(43,54)
	(85,1)
	(76,73)
	(53,83)
	(10,90)
	(21,51)
	(2,9)
	(109,21)
	(115,27)
	(39,41)
	(22,77)
	(54,52)
	(10,70)
	(25,61)
	(43,76)
	(69,93)
	(116,120)
	(30,66)
	(108,107)
	(19,74)
	(83,39)
	(69,19)
	(105,6)
	(121,113)
	(2,112)
	(48,92)
	(112,13)
	(75,72)
	(5,53)
	(42,62)
	(106,95)
	(113,53)
	(6,39)
	(84,78)
	(21,17)
	(10,43)
	(29,24)
	(88,84)
	(84,95)
	(29,59)
	(16,46)
	(22,21)
	(104,114)
	(65,53)
	(63,53)
	(98,96)
	(121,1)
	(59,57)
	(83,17)
	(108,12)
	(18,54)
	(60,71)
	(12,15)
	(48,78)
	(86,108)
	(116,39)
	(54,47)
	(41,40)
	(41,61)
	(28,16)
	(91,111)
	(10,40)
	(101,102)
	(116,106)
	(88,40)
	(121,114)
	(6,17)
	(34,23)
	(121,117)
	(64,60)
	(63,83)
	(8,74)
	(19,30)
	(82,93)
	(106,34)
	(93,81)
	(80,83)
	(119,113)
	(109,43)
	(107,74)
	(70,20)
	(105,116)
	(83,78)
	(98,120)
	(80,25)
	(83,95)
	(15,18)
	(43,33)
	(20,80)
	(86,9)
	(36,58)
	(68,48)
	(116,92)
	(3,15)
	(11,66)
	(39,15)
	(75,39)
	(86,85)
	(77,71)
	(42,54)
	(5,93)
	(85,13)
	(99,66)
	(109,61)
	(24,30)
	(18,16)
	(21,11)
	(60,12)
	(62,22)
	(47,53)
	(98,89)
	(90,46)
	(83,6)
	(45,48)
	(31,71)
	(117,45)
	(100,109)
	(108,101)
	(105,28)
	(112,68)
	(11,55)
	(77,107)
	(75,69)
	(119,114)
	(87,63)
	(119,117)
	(62,64)
	(99,55)
	(78,79)
	(91,31)
	(16,15)
	(44,121)
	(49,61)
	(30,90)
	(71,101)
	(121,13)
	(26,114)
	(11,77)
	(50,48)
	(102,100)
	(112,57)
	(58,18)
	(65,98)
	(116,6)
	(105,50)
	(27,115)
	(95,119)
	(89,113)
	(17,94)
	(87,120)
	(13,20)
	(14,113)
	(7,4)
	(15,87)
	(30,29)
	(71,72)
	(121,85)
	(33,83)
	(69,73)
	(117,7)
	(52,30)
	(98,92)
	(33,25)
	(44,42)
	(86,84)
	(103,93)
	(20,14)
	(51,111)
	(102,103)
	(113,118)
	(83,116)
	(65,60)
	(117,93)
	(63,60)
	(78,18)
	(57,90)
	(43,38)
	(89,1)
	(38,5)
	(28,88)
	(48,28)
	(64,42)
	(38,2)
	(81,37)
	(26,37)
	(6,10)
	(39,83)
	(5,71)
	(54,87)
	(61,58)
	(61,59)
	(63,118)
	(120,98)
	(81,21)
	(41,30)
	(6,116)
	(94,93)
	(32,102)
	(21,91)
	(37,36)
	(102,113)
	(49,82)
	(52,53)
	(66,61)
	(54,109)
	(31,42)
	(38,110)
	(100,112)
	(68,8)
	(6,5)
	(83,28)
	(34,36)
	(104,68)
	(110,120)
	(111,121)
	(67,71)
	(48,50)
	(120,60)
	(23,67)
	(30,41)
	(42,36)
	(93,83)
	(56,61)
	(96,66)
	(120,118)
	(8,7)
	(55,85)
	(53,42)
	(101,100)
	(23,89)
	(6,28)
	(41,53)
	(57,61)
	(20,119)
	(31,101)
	(91,47)
	(58,66)
	(8,19)
	(83,50)
	(102,114)
	(62,32)
	(22,15)
	(17,72)
	(100,70)
	(113,121)
	(40,7)
	(12,60)
	(107,19)
	(26,29)
	(71,69)
	(78,87)
	(119,75)
	(86,82)
	(96,108)
	(6,50)
	(110,106)
	(39,49)
	(3,7)
	(15,21)
	(7,106)
	(28,105)
	(60,62)
	(47,71)
	(18,20)
	(115,93)
	(38,58)
	(32,22)
	(114,118)
	(37,59)
	(59,49)
	(71,23)
	(99,75)
	(111,101)
	(87,54)
	(84,88)
	(119,86)
	(98,10)
	(74,70)
	(52,19)
	(34,58)
	(14,13)
	(45,1)
	(34,24)
	(9,7)
	(79,90)
	(38,104)
	(117,107)
	(87,76)
	(95,65)
	(17,67)
	(72,73)
	(19,107)
	(50,26)
	(59,19)
	(85,74)
	(93,98)
	(110,99)
	(26,86)
	(11,41)
	(120,12)
	(100,40)
	(26,46)
	(62,117)
	(120,121)
	(46,101)
	(45,117)
	(51,48)
	(79,29)
	(9,19)
	(74,84)
	(23,78)
	(98,2)
	(16,49)
	(13,79)
	(109,25)
	(81,41)
	(71,76)
	(22,44)
	(15,70)
	(28,52)
	(17,39)
	(111,120)
	(42,20)
	(97,77)
	(113,63)
	(103,73)
	(92,93)
	(93,60)
	(20,100)
	(117,73)
	(95,55)
	(65,63)
	(98,110)
	(116,80)
	(116,104)
	(11,81)
	(29,65)
	(66,30)
	(10,98)
	(80,56)
	(111,89)
	(95,117)
	(49,25)
	(97,37)
	(96,90)
	(26,81)
	(21,20)
	(114,121)
	(79,86)
	(13,18)
	(77,11)
	(79,46)
	(115,71)
	(106,105)
	(7,6)
	(116,111)
	(68,13)
	(14,86)
	(24,12)
	(67,72)
	(44,54)
	(65,120)
	(54,84)
	(27,47)
	(39,94)
	(79,68)
	(10,60)
	(86,53)
	(41,118)
	(38,14)
	(31,23)
	(90,98)
	(120,72)
	(98,38)
	(52,107)
	(109,98)
	(41,71)
	(60,16)
	(77,76)
	(32,8)
	(29,117)
	(46,106)
	(97,90)
	(99,15)
	(108,36)
	(79,57)
	(81,15)
	(26,15)
	(12,96)
	(19,63)
	(76,88)
	(78,90)
	(25,121)
	(79,81)
	(101,13)
	(30,25)
	(32,65)
	(83,105)
	(117,97)
	(40,4)
	(42,52)
	(90,60)
	(67,89)
	(41,107)
	(7,10)
	(73,109)
	(17,6)
	(72,17)
	(65,62)
	(28,18)
	(40,73)
	(63,62)
	(12,72)
	(117,51)
	(3,4)
	(70,77)
	(6,105)
	(111,78)
	(96,41)
	(82,34)
	(110,2)
	(7,5)
	(100,30)
	(91,3)
	(38,48)
	(12,120)
	(7,2)
	(97,75)
	(58,46)
	(118,46)
	(4,92)
	(5,11)
	(80,69)
	(44,33)
	(69,91)
	(49,60)
	(36,108)
	(118,41)
	(67,69)
	(80,92)
	(60,36)
	(59,56)
	(19,17)
	(14,15)
	(97,86)
	(27,26)
	(108,24)
	(12,89)
	(16,4)
	(104,49)
	(1,109)
	(85,19)
	(49,71)
	(93,96)
	(105,103)
	(17,116)
	(67,23)
	(107,35)
	(107,97)
	(51,55)
	(71,38)
	(60,115)
	(80,78)
	(108,104)
	(101,46)
	(87,80)
	(46,6)
	(65,54)
	(31,33)
	(61,65)
	(36,37)
	(44,110)
	(117,95)
	(81,83)
	(116,119)
	(17,5)
	(101,41)
	(43,65)
	(52,63)
	(71,59)
	(101,68)
	(98,14)
	(27,87)
	(51,117)
	(65,76)
	(73,85)
	(109,121)
	(70,90)
	(82,16)
	(69,36)
	(2,12)
	(55,53)
	(53,33)
	(74,44)
	(61,66)
	(106,18)
	(20,13)
	(71,104)
	(40,39)
	(42,18)
	(66,60)
	(52,51)
	(40,106)
	(53,5)
	(59,35)
	(41,63)
	(111,116)
	(61,1)
	(78,82)
	(3,39)
	(120,54)
	(5,16)
	(54,30)
	(47,23)
	(101,57)
	(75,119)
	(13,37)
	(9,97)
	(60,59)
	(56,60)
	(101,81)
	(49,121)
	(76,52)
	(22,121)
	(43,55)
	(13,21)
	(120,76)
	(48,103)
	(93,89)
	(44,38)
	(33,99)
	(48,8)
	(75,64)
	(73,70)
	(79,83)
	(23,111)
	(57,60)
	(21,18)
	(1,9)
	(12,78)
	(47,54)
	(1,85)
	(39,69)
	(60,20)
	(68,74)
	(99,110)
	(10,120)
	(70,40)
	(90,101)
	(24,23)
	(4,10)
	(90,96)
	(107,95)
	(109,101)
	(29,41)
	(11,7)
	(113,33)
	(108,102)
	(20,75)
	(94,54)
	(54,53)
	(3,99)
	(22,42)
	(39,99)
	(44,104)
	(46,2)
	(80,10)
	(36,43)
	(73,84)
	(104,94)
	(63,33)
	(15,25)
	(114,54)
	(85,107)
	(62,74)
	(80,116)
	(52,62)
	(13,90)
	(40,95)
	(25,69)
	(72,28)
	(89,45)
	(64,104)
	(20,86)
	(4,5)
	(61,37)
	(93,69)
	(4,2)
	(43,37)
	(6,8)
	(31,24)
	(82,115)
	(93,92)
	(113,36)
	(73,40)
	(73,61)
	(66,121)
	(109,120)
	(25,23)
	(59,95)
	(106,109)
	(36,46)
	(103,91)
	(19,16)
	(50,74)
	(100,60)
	(56,12)
	(74,98)
	(72,50)
	(22,72)
	(36,41)
	(5,115)
	(6,26)
	(70,82)
	(113,115)
	(3,6)
	(61,13)
	(39,6)
	(21,87)
	(30,42)
	(112,35)
	(79,49)
	(110,14)
	(90,89)
	(92,62)
	(82,88)
	(89,49)
	(51,75)
	(116,113)
	(13,61)
	(58,25)
	(32,27)
	(21,109)
	(105,85)
	(106,108)
	(89,93)
	(69,105)
	(52,54)
	(9,11)
	(13,46)
	(41,11)
	(18,21)
	(80,50)
	(74,118)
	(42,108)
	(89,19)
	(109,106)
	(88,11)
	(30,96)
	(104,56)
	(1,61)
	(52,76)
	(100,107)
	(2,62)
	(97,25)
	(71,119)
	(121,73)
	(78,83)
	(40,10)
	(75,65)
	(74,71)
	(12,2)
	(49,89)
	(113,58)
	(16,6)
	(50,30)
	(66,63)
	(99,94)
	(38,37)
	(4,24)
	(65,58)
	(10,54)
	(63,58)
	(23,119)
	(8,28)
	(90,92)
	(65,59)
	(116,114)
	(63,59)
	(116,117)
	(34,37)
	(20,15)
	(17,14)
	(39,116)
	(56,63)
	(10,76)
	(96,98)
	(84,85)
	(88,76)
	(110,22)
	(115,16)
	(100,12)
	(57,101)
	(85,97)
	(33,28)
	(28,40)
	(28,61)
	(98,65)
	(98,32)
	(52,16)
	(2,11)
	(35,45)
	(40,28)
	(24,36)
	(33,110)
	(75,55)
	(90,78)
	(49,69)
	(61,41)
	(76,87)
	(25,33)
	(118,98)
	(50,45)
	(43,41)
	(3,91)
	(120,24)
	(11,4)
	(6,3)
	(22,92)
	(21,9)
	(39,28)
	(93,33)
	(114,115)
	(55,121)
	(108,100)
	(81,4)
	(26,4)
	(76,109)
	(93,5)
	(88,16)
	(64,119)
	(106,70)
	(97,98)
	(83,85)
	(104,106)
	(121,97)
	(40,50)
	(69,47)
	(61,57)
	(47,58)
	(86,62)
	(99,96)
	(18,40)
	(45,93)
	(16,5)
	(47,59)
	(81,101)
	(61,81)
	(6,9)
	(37,43)
	(17,22)
	(12,24)
	(66,62)
	(39,50)
	(26,56)
	(82,52)
	(31,119)
	(47,80)
	(106,84)
	(34,43)
	(16,28)
	(27,82)
	(104,92)
	(36,44)
	(114,59)
	(42,43)
	(56,62)
	(73,53)
	(87,65)
	(95,7)
	(19,20)
	(4,14)
	(72,105)
	(53,48)
	(53,119)
	(10,2)
	(38,86)
	(106,40)
	(95,93)
	(12,111)
	(14,4)
	(84,40)
	(41,36)
	(90,10)
	(42,40)
	(37,41)
	(109,10)
	(66,11)
	(74,63)
	(119,35)
	(119,97)
	(34,46)
	(38,68)
	(111,119)
	(36,25)
	(57,69)
	(74,72)
	(103,105)
	(34,41)
	(110,103)
	(56,23)
	(89,56)
	(58,94)
	(93,38)
	(83,84)
	(23,32)
	(42,41)
	(118,94)
	(99,97)
	(117,105)
	(25,58)
	(82,79)
	(25,24)
	(29,49)
	(66,54)
	(91,93)
	(29,7)
	(90,2)
	(46,48)
	(72,52)
	(86,76)
	(52,88)
	(21,61)
	(99,39)
	(8,20)
	(66,76)
	(25,80)
	(22,10)
	(37,81)
	(116,86)
	(30,6)
	(97,94)
	(27,30)
	(47,102)
	(87,77)
	(93,104)
	(4,48)
	(13,25)
	(22,33)
	(47,14)
	(60,66)
	(23,1)
	(109,110)
	(116,68)
	(106,82)
	(119,99)
	(12,14)
	(121,11)
	(42,82)
	(49,5)
	(81,69)
	(79,67)
	(11,99)
	(7,1)
	(76,70)
	(19,52)
	(70,60)
	(110,55)
	(26,92)
	(77,87)
	(81,92)
	(64,65)
	(44,66)
	(7,55)
	(70,118)
	(75,86)
	(68,73)
	(89,97)
	(51,45)
	(35,107)
	(97,42)
	(119,95)
	(74,62)
	(107,105)
	(37,15)
	(96,72)
	(10,80)
	(33,31)
	(79,39)
	(111,100)
	(7,117)
	(17,65)
	(22,110)
	(60,108)
	(75,68)
	(118,96)
	(104,116)
	(70,71)
	(9,20)
	(30,10)
	(92,59)
	(68,56)
	(77,66)
	(100,23)
	(56,16)
	(53,103)
	(43,83)
	(62,73)
	(81,78)
	(44,55)
	(99,95)
	(75,27)
	(96,120)
	(36,60)
	(38,74)
	(28,25)
	(98,86)
	(104,5)
	(66,33)
	(91,71)
	(44,114)
	(90,24)
	(97,96)
	(25,102)
	(53,65)
	(79,69)
	(11,6)
	(76,40)
	(12,48)
	(12,22)
	(25,14)
	(53,113)
	(51,49)
	(8,52)
	(44,77)
	(64,114)
	(51,7)
	(90,80)
	(19,79)
	(109,104)
	(118,120)
	(26,6)
	(73,71)
	(107,52)
	(96,89)
	(30,28)
	(31,55)
	(82,87)
	(33,22)
	(49,38)
	(95,73)
	(111,113)
	(15,92)
	(55,54)
	(23,13)
	(37,44)
	(74,54)
	(79,78)
	(67,100)
	(44,37)
	(68,35)
	(53,55)
	(24,79)
	(96,106)
	(89,95)
	(57,2)
	(4,103)
	(34,44)
	(56,36)
	(40,64)
	(74,76)
	(87,75)
	(108,75)
	(49,104)
	(117,18)
	(111,1)
	(42,44)
	(69,9)
	(19,18)
	(61,49)
	(11,10)
	(60,90)
	(43,7)
	(45,35)
	(107,47)
	(67,103)
	(97,89)
	(58,106)
	(60,70)
	(108,86)
	(63,65)
	(37,25)
	(87,86)
	(85,115)
	(118,106)
	(71,75)
	(111,114)
	(78,89)
	(96,92)
	(62,51)
	(111,117)
	(29,73)
	(45,51)
	(63,113)
	(73,121)
	(105,93)
	(88,52)
	(6,30)
	(48,45)
	(75,74)
	(86,38)
	(65,66)
	(63,66)
	(11,5)
	(80,113)
	(102,78)
	(46,55)
	(11,2)
	(89,34)
	(58,69)
	(103,26)
	(90,102)
	(109,102)
	(52,47)
	(16,22)
	(92,52)
	(12,100)
	(115,79)
	(4,1)
	(27,60)
	(66,58)
	(83,53)
	(66,59)
	(85,88)
	(95,35)
	(71,41)
	(95,97)
	(54,76)
	(17,13)
	(36,42)
	(16,64)
	(30,80)
	(59,47)
	(50,51)
	(120,65)
	(71,68)
	(77,70)
	(101,106)
	(69,70)
	(8,18)
	(121,115)
	(26,28)
	(98,74)
	(13,121)
	(95,51)
	(56,58)
	(67,1)
	(4,114)
	(60,61)
	(55,33)
	(70,72)
	(5,77)
	(56,59)
	(87,81)
	(27,71)
	(97,92)
	(97,99)
	(58,78)
	(77,29)
	(117,87)
	(22,102)
	(57,58)
	(57,24)
	(65,77)
	(1,12)
	(23,27)
	(1,121)
	(22,14)
	(78,23)
	(50,17)
	(36,96)
	(88,79)
	(82,112)
	(74,2)
	(33,103)
	(103,109)
	(38,49)
	(71,81)
	(31,29)
	(64,75)
	(73,63)
	(121,88)
	(26,50)
	(91,51)
	(72,108)
	(79,2)
	(36,72)
	(61,94)
	(95,99)
	(4,37)
	(33,32)
	(112,52)
	(53,29)
	(74,110)
	(44,41)
	(64,86)
	(109,119)
	(29,39)
	(3,8)
	(33,113)
	(65,21)
	(87,15)
	(89,91)
	(31,75)
	(83,93)
	(7,57)
	(12,1)
	(47,55)
	(51,73)
	(82,70)
	(36,120)
	(46,13)
	(13,101)
	(67,37)
	(55,115)
	(60,82)
	(103,108)
	(77,41)
	(2,79)
	(85,105)
	(105,107)
	(53,75)
	(45,34)
	(80,3)
	(20,97)
	(31,86)
	(106,118)
	(70,106)
	(107,87)
	(96,116)
	(93,103)
	(29,17)
	(33,55)
	(81,80)
	(72,112)
	(31,41)
	(82,84)
	(59,26)
	(14,50)
	(17,27)
	(120,21)
	(11,111)
	(30,31)
	(35,34)
	(53,86)
	(64,57)
	(10,100)
	(102,91)
	(70,69)
	(107,109)
	(5,29)
	(74,38)
	(25,113)
	(118,116)
	(81,111)
	(36,39)
	(70,92)
	(24,108)
	(93,113)
	(100,20)
	(61,73)
	(80,85)
	(17,57)
	(65,29)
	(47,37)
	(73,62)
	(113,43)
	(20,17)
	(85,52)
	(29,95)
	(19,21)
	(117,112)
	(61,56)
	(31,81)
	(25,1)
	(72,70)
	(74,104)
	(110,74)
	(21,71)
	(114,37)
	(36,69)
	(27,63)
	(90,100)
	(91,11)
	(65,75)
	(63,75)
	(88,87)
	(109,100)
	(18,42)
	(10,65)
	(28,72)
	(87,83)
	(15,59)
	(104,64)
	(46,68)
	(72,84)
	(93,117)
	(86,79)
	(84,12)
	(67,75)
	(103,70)
	(12,13)
	(5,41)
	(88,66)
	(119,31)
	(83,107)
	(109,103)
	(8,9)
	(37,42)
	(64,74)
	(11,31)
	(65,41)
	(63,41)
	(8,85)
	(94,90)
	(10,1)
	(85,79)
	(72,61)
	(94,70)
	(116,94)
	(39,3)
	(107,85)
	(34,42)
	(114,90)
	(46,57)
	(37,4)
	(26,31)
	(109,65)
	(33,9)
	(25,37)
	(62,50)
	(21,12)
	(117,84)
	(67,68)
	(9,108)
	(24,90)
	(51,99)
	(95,91)
	(73,76)
	(19,43)
	(34,4)
	(61,39)
	(5,82)
	(88,108)
	(36,6)
	(41,77)
	(43,39)
	(65,57)
	(66,18)
	(63,57)
	(3,9)
	(39,9)
	(74,14)
	(88,77)
	(24,29)
	(106,101)
	(117,40)
	(1,23)
	(59,9)
	(109,1)
	(23,45)
	(77,44)
	(51,95)
	(76,71)
	(67,57)
	(108,98)
	(22,32)
	(25,13)
	(11,22)
	(58,80)
	(78,38)
	(94,61)
	(35,36)
	(47,46)
	(41,37)
	(99,22)
	(81,48)
	(26,48)
	(78,58)
	(90,114)
	(20,10)
	(41,21)
	(42,72)
	(72,82)
	(94,46)
	(16,13)
	(15,14)
	(29,28)
	(118,111)
	(71,49)
	(84,51)
	(98,94)
	(104,103)
	(78,80)
	(21,101)
	(49,1)
	(25,29)
	(92,37)
	(4,15)
	(28,23)
	(63,15)
	(116,56)
	(24,46)
	(27,23)
	(22,55)
	(49,55)
	(30,8)
	(18,106)
	(119,47)
	(48,51)
	(73,33)
	(47,57)
	(83,63)
	(59,70)
	(33,27)
	(30,32)
	(34,89)
	(75,73)
	(91,36)
	(83,35)
	(37,39)
	(38,39)
	(101,111)
	(94,82)
	(86,66)
	(21,120)
	(102,105)
	(85,87)
	(28,76)
	(61,6)
	(14,22)
	(34,39)
	(67,74)
	(114,81)
	(3,27)
	(39,27)
	(41,29)
	(58,102)
	(92,90)
	(7,19)
	(34,106)
	(106,62)
	(92,70)
	(91,115)
	(58,14)
	(52,40)
	(84,62)
	(32,28)
	(41,43)
	(90,13)
	(20,50)
	(49,37)
	(85,109)
	(109,13)
	(53,45)
	(57,65)
	(56,66)
	(37,92)
	(13,2)
	(78,102)
	(93,27)
	(52,41)
	(57,66)
	(70,58)
	(2,90)
	(50,20)
	(111,45)
	(70,59)
	(102,22)
	(17,7)
	(113,83)
	(42,92)
	(27,16)
	(5,25)
	(51,91)
	(11,8)
	(16,27)
	(114,15)
	(31,7)
	(113,25)
	(38,78)
	(75,67)
	(70,80)
	(45,105)
	(93,57)
	(66,77)
	(26,103)
	(49,13)
	(96,48)
	(22,13)
	(91,58)
	(81,103)
	(43,10)
	(61,116)
	(121,109)
	(17,19)
	(34,78)
	(36,38)
	(75,97)
	(46,45)
	(53,49)
	(101,31)
	(108,42)
	(116,17)
	(115,82)
	(28,33)
	(36,24)
	(26,32)
	(75,51)
	(52,82)
	(27,33)
	(57,117)
	(58,48)
	(118,119)
	(84,54)
	(69,71)
	(51,50)
	(50,105)
	(103,53)
	(76,120)
	(49,29)
	(106,76)
	(36,80)
	(102,47)
	(54,18)
	(58,64)
	(95,105)
	(11,1)
	(61,28)
	(98,97)
	(62,52)
	(38,34)
	(41,81)
	(108,96)
	(97,119)
	(83,23)
	(45,52)
	(25,15)
	(67,45)
	(94,44)
	(88,81)
	(2,46)
	(110,107)
	(90,68)
	(79,103)
	(44,94)
	(88,82)
	(46,49)
	(55,65)
	(8,30)
	(114,44)
	(13,24)
	(21,54)
	(57,37)
	(97,64)
	(71,73)
	(108,72)
	(75,99)
	(107,30)
	(6,11)
	(119,109)
	(47,83)
	(82,60)
	(92,81)
	(64,94)
	(92,82)
	(81,114)
	(55,66)
	(21,76)
	(47,25)
	(81,117)
	(82,118)
	(15,103)
	(61,50)
	(50,52)
	(4,7)
	(94,83)
	(29,31)
	(49,46)
	(108,120)
	(90,57)
	(40,30)
	(77,121)
	(100,108)
	(6,54)
	(82,71)
	(75,95)
	(5,60)
	(14,26)
	(45,47)
	(7,73)
	(67,7)
	(23,56)
	(98,99)
	(57,13)
	(121,112)
	(24,25)
	(12,45)
	(36,102)
	(28,38)
	(86,75)
	(74,114)
	(35,47)
	(21,16)
	(20,31)
	(27,38)
	(11,3)
	(96,8)
	(36,14)
	(28,58)
	(102,32)
	(28,24)
	(55,77)
	(50,47)
	(60,72)
	(85,84)
	(68,18)
	(35,79)
	(74,77)
	(64,4)
	(27,24)
	(38,28)
	(98,95)
	(71,67)
	(99,3)
	(87,39)
	(54,66)
	(95,47)
	(72,60)
	(108,106)
	(112,82)
	(78,100)
	(119,9)
	(27,104)
	(60,120)
	(6,16)
	(58,8)
	(118,8)
	(47,49)
	(62,18)
	(84,36)
	(15,114)
	(47,7)
	(21,33)
	(32,31)
	(85,61)
	(61,111)
	(76,54)
	(11,9)
	(104,27)
	(64,56)
	(72,71)
	(41,44)
	(9,53)
	(23,35)
	(46,94)
	(58,65)
	(94,98)
	(30,27)
	(18,38)
	(13,14)
	(119,112)
	(38,50)
	(56,46)
	(7,67)
	(88,44)
	(48,36)
	(77,72)
	(58,113)
	(20,22)
	(118,113)
	(18,58)
	(87,99)
	(100,90)
	(12,19)
	(57,46)
	(117,118)
	(116,28)
	(53,73)
	(93,45)
	(91,79)
	(51,31)
	(101,103)
	(19,118)
	(20,64)
	(82,42)
	(86,81)
	(33,93)
	(36,48)
	(102,109)
	(37,38)
	(57,68)
	(15,37)
	(62,26)
	(121,61)
	(94,118)
	(14,3)
	(88,83)
	(87,78)
	(34,38)
	(32,52)
	(79,13)
	(76,16)
	(24,60)
	(42,38)
	(101,113)
	(106,58)
	(6,36)
	(85,82)
	(103,107)
	(116,50)
	(44,39)
	(111,56)
	(118,114)
	(97,1)
	(64,97)
	(118,117)
	(79,9)
	(72,12)
	(39,19)
	(7,17)
	(25,49)
	(89,9)
	(54,21)
	(79,85)
	(71,95)
	(78,1)
	(5,4)
	(93,49)
	(57,81)
	(15,13)
	(81,86)
	(106,104)
	(61,31)
	(55,43)
	(82,72)
	(43,31)
	(102,3)
	(97,117)
	(8,118)
	(70,100)
	(23,95)
	(31,97)
	(46,56)
	(78,114)
	(113,101)
	(73,18)
	(55,75)
	(107,118)
	(63,73)
	(34,111)
	(104,74)
	(74,75)
	(98,91)
	(99,27)
	(26,27)
	(83,88)
	(16,93)
	(44,99)
	(30,74)
	(63,96)
	(7,95)
	(117,121)
	(53,97)
	(19,12)
	(115,60)
	(16,19)
	(67,73)
	(77,69)
	(107,71)
	(63,56)
	(111,67)
	(115,118)
	(70,103)
	(83,59)
	(114,94)
	(29,32)
	(55,46)
	(74,86)
	(10,7)
	(18,14)
	(81,57)
	(52,118)
	(88,98)
	(8,107)
	(67,56)
	(102,112)
	(74,41)
	(87,10)
	(15,75)
	(23,34)
	(29,26)
	(85,30)
	(74,68)
	(51,47)
	(98,50)
	(113,120)
	(110,11)
	(111,51)
	(20,8)
	(92,98)
	(120,96)
	(54,43)
	(61,64)
	(53,17)
	(46,35)
	(49,45)
	(106,102)
	(20,32)
	(59,71)
	(66,44)
	(82,62)
	(88,118)
	(42,102)
	(113,89)
	(34,14)
	(109,49)
	(97,13)
	(68,112)
	(46,51)
	(103,63)
	(69,76)
	(2,98)
	(114,4)
	(86,83)
	(93,94)
	(59,107)
	(71,5)
	(54,46)
	(36,113)
	(108,110)
	(62,112)
	(24,4)
	(12,56)
	(33,73)
	(1,100)
	(63,39)
	(70,114)
	(60,10)
	(96,86)
	(115,121)
	(26,74)
	(32,26)
	(94,72)
	(24,101)
	(24,96)
	(15,81)
	(68,70)
	(48,52)
	(85,25)
	(113,69)
	(35,112)
	(98,88)
	(121,44)
	(60,5)
	(23,28)
	(37,48)
	(95,85)
	(24,72)
	(72,62)
	(22,19)
	(116,105)
	(63,99)
	(70,37)
	(32,87)
	(47,67)
	(114,120)
	(52,42)
	(58,68)
	(67,17)
	(88,121)
	(8,63)
	(25,73)
	(42,119)
	(12,67)
	(112,118)
	(73,77)
	(19,89)
	(24,120)
	(35,90)
	(107,63)
	(93,73)
	(77,33)
	(78,86)
	(13,1)
	(84,79)
	(57,45)
	(111,34)
	(62,84)
	(32,109)
	(94,89)
	(48,47)
	(43,103)
	(50,90)
	(75,31)
	(91,21)
	(26,30)
	(86,98)
	(9,42)
	(14,74)
	(41,42)
	(77,5)
	(50,70)
	(117,62)
	(90,94)
	(29,9)
	(78,68)
	(75,105)
	(58,57)
	(110,50)
	(104,93)
	(67,78)
	(73,37)
	(5,6)
	(16,56)
	(64,28)
	(43,32)
	(94,106)
	(40,35)
	(119,53)
	(35,43)
	(62,40)
	(3,63)
	(46,34)
	(62,61)
	(10,4)
	(30,19)
	(55,44)
	(43,113)
	(83,47)
	(4,6)
	(92,42)
	(52,72)
	(47,69)
	(59,63)
	(19,69)
	(40,51)
	(77,110)
	(17,28)
	(39,35)
	(84,18)
	(41,101)
	(41,96)
	(12,17)
	(83,79)
	(95,84)
	(60,38)
	(4,34)
	(115,120)
	(20,9)
	(57,7)
	(31,28)
	(78,81)
	(91,90)
	(35,40)
	(3,51)
	(39,51)
	(72,76)
	(81,45)
	(94,92)
	(60,58)
	(60,24)
	(71,111)
	(48,18)
	(50,40)
	(50,61)
	(114,92)
	(85,118)
	(96,74)
	(67,34)
	(34,100)
	(106,100)
	(112,121)
	(95,40)
	(60,80)
	(60,104)
	(93,97)
	(70,75)
	(17,50)
	(47,95)
	(5,10)
	(1,37)
	(2,4)
	(109,73)
	(111,91)
	(92,72)
	(51,3)
	(37,103)
	(39,17)
	(113,116)
	(73,29)
	(38,8)
	(105,109)
	(18,66)
	(65,10)
	(62,82)
	(118,74)
	(114,78)
	(54,44)
	(110,88)
	(29,84)
	(32,112)
	(2,101)
	(70,46)
	(53,50)
	(73,43)
	(69,58)
	(48,26)
	(29,27)
	(5,2)
	(6,18)
	(69,59)
	(91,61)
	(121,118)
	(70,68)
	(73,75)
	(99,93)
	(8,11)
	(65,5)
	(81,93)
	(84,87)
	(49,73)
	(38,26)
	(107,23)
	(59,62)
	(12,34)
	(41,39)
	(104,107)
	(27,37)
	(91,41)
	(93,99)
	(15,45)
	(120,10)
	(16,17)
	(4,28)
	(18,117)
	(106,66)
	(105,108)
	(33,11)
	(92,89)
	(30,107)
	(37,1)
	(71,31)
	(42,66)
	(52,92)
	(120,116)
	(80,91);
param vertexCount := 121;
end;
