data;
set V := 1 2 3 4 5 6 7 8 9 10 11 12 13 14 15 16 17 18 19 20 21 22 23 24 25 26 27 28 29 30 31 32 33 34 35 36 37 38 39 40 41 42 43 44 45 46 47 48 49 50 51 52 53 54 55 56 57 58 59 60 61 62 63 64 65 66 67 68 69 70 71 72 73 74 75 76 77 78 79 80 81 82 83 84 85 86 87 88 89 90 91 92 93 94 95 96 97 98 99 100;
set E :=
	(37,55)
	(46,50)
	(25,95)
	(34,1)
	(40,34)
	(86,42)
	(93,95)
	(3,23)
	(43,13)
	(21,65)
	(90,35)
	(36,27)
	(83,87)
	(72,36)
	(39,34)
	(91,81)
	(91,82)
	(79,19)
	(5,38)
	(86,96)
	(14,19)
	(49,67)
	(13,68)
	(32,40)
	(28,29)
	(59,54)
	(66,96)
	(27,29)
	(70,15)
	(80,36)
	(51,84)
	(9,54)
	(24,33)
	(62,44)
	(16,11)
	(62,53)
	(54,98)
	(69,14)
	(45,44)
	(1,41)
	(18,13)
	(56,96)
	(49,39)
	(16,34)
	(64,31)
	(85,63)
	(90,99)
	(100,94)
	(24,2)
	(2,92)
	(13,57)
	(78,45)
	(35,44)
	(35,53)
	(10,6)
	(57,56)
	(96,93)
	(50,44)
	(18,29)
	(45,25)
	(28,46)
	(58,49)
	(74,94)
	(1,81)
	(76,65)
	(44,48)
	(44,22)
	(28,68)
	(49,99)
	(32,82)
	(22,99)
	(86,89)
	(53,31)
	(29,30)
	(25,5)
	(35,25)
	(76,66)
	(97,7)
	(44,64)
	(84,90)
	(13,15)
	(98,87)
	(66,39)
	(85,89)
	(25,28)
	(7,47)
	(56,89)
	(93,91)
	(2,6)
	(19,59)
	(33,36)
	(52,2)
	(97,93)
	(69,79)
	(57,67)
	(94,58)
	(94,24)
	(40,36)
	(48,70)
	(31,22)
	(100,96)
	(20,30)
	(27,81)
	(80,20)
	(5,14)
	(57,97)
	(88,33)
	(18,68)
	(74,4)
	(54,94)
	(3,36)
	(41,5)
	(31,64)
	(87,32)
	(39,36)
	(66,69)
	(57,39)
	(10,5)
	(74,73)
	(71,8)
	(42,75)
	(83,90)
	(76,77)
	(60,100)
	(48,84)
	(48,43)
	(74,96)
	(4,31)
	(96,94)
	(21,29)
	(89,12)
	(79,73)
	(8,38)
	(53,64)
	(10,28)
	(74,56)
	(73,83)
	(56,92)
	(92,2)
	(8,58)
	(42,86)
	(17,47)
	(21,43)
	(2,10)
	(42,46)
	(15,4)
	(18,81)
	(37,27)
	(57,17)
	(38,27)
	(33,88)
	(71,26)
	(75,85)
	(83,43)
	(7,8)
	(11,51)
	(76,21)
	(16,36)
	(26,35)
	(100,89)
	(56,78)
	(23,26)
	(37,57)
	(36,45)
	(2,5)
	(81,51)
	(54,4)
	(10,50)
	(62,71)
	(86,6)
	(52,58)
	(83,61)
	(44,8)
	(50,60)
	(66,6)
	(4,22)
	(29,19)
	(19,14)
	(85,76)
	(21,41)
	(11,17)
	(59,58)
	(84,81)
	(35,71)
	(18,15)
	(84,82)
	(40,20)
	(4,64)
	(94,14)
	(91,98)
	(65,64)
	(56,6)
	(63,64)
	(88,38)
	(26,17)
	(9,59)
	(54,72)
	(51,53)
	(88,58)
	(44,26)
	(79,35)
	(90,50)
	(60,55)
	(96,56)
	(79,97)
	(46,47)
	(67,64)
	(22,28)
	(92,38)
	(24,14)
	(69,65)
	(20,19)
	(100,92)
	(72,79)
	(21,81)
	(62,12)
	(75,84)
	(69,66)
	(45,12)
	(76,43)
	(31,32)
	(58,56)
	(53,8)
	(17,26)
	(42,15)
	(83,82)
	(80,47)
	(76,75)
	(100,78)
	(78,73)
	(27,25)
	(49,50)
	(74,92)
	(55,99)
	(47,48)
	(77,55)
	(16,20)
	(34,74)
	(78,96)
	(80,79)
	(2,24)
	(14,17)
	(87,85)
	(12,52)
	(62,42)
	(78,56)
	(76,86)
	(45,42)
	(23,3)
	(53,26)
	(43,45)
	(76,46)
	(99,11)
	(17,87)
	(96,97)
	(15,17)
	(74,78)
	(94,64)
	(68,63)
	(7,3)
	(24,22)
	(48,30)
	(90,88)
	(50,42)
	(24,64)
	(62,63)
	(4,8)
	(41,14)
	(84,44)
	(5,65)
	(45,63)
	(30,50)
	(58,51)
	(46,26)
	(62,72)
	(7,9)
	(15,95)
	(78,67)
	(45,72)
	(18,45)
	(65,32)
	(82,55)
	(48,44)
	(25,22)
	(22,88)
	(89,23)
	(96,99)
	(43,93)
	(4,26)
	(14,11)
	(84,83)
	(100,10)
	(70,4)
	(5,1)
	(11,16)
	(14,34)
	(15,6)
	(5,55)
	(87,27)
	(16,52)
	(3,47)
	(11,91)
	(94,100)
	(26,16)
	(96,95)
	(20,12)
	(56,38)
	(65,55)
	(34,45)
	(55,10)
	(99,91)
	(81,91)
	(39,79)
	(97,17)
	(51,71)
	(68,62)
	(53,3)
	(45,89)
	(85,58)
	(42,45)
	(18,7)
	(59,79)
	(41,48)
	(21,25)
	(82,37)
	(88,48)
	(69,29)
	(9,79)
	(55,5)
	(32,12)
	(10,64)
	(75,30)
	(40,18)
	(37,7)
	(36,56)
	(97,95)
	(77,75)
	(22,31)
	(7,27)
	(55,28)
	(34,7)
	(35,62)
	(73,72)
	(14,16)
	(70,67)
	(72,77)
	(42,49)
	(13,4)
	(37,19)
	(26,36)
	(7,40)
	(13,73)
	(15,5)
	(30,20)
	(70,97)
	(77,86)
	(60,57)
	(2,22)
	(95,62)
	(19,55)
	(75,53)
	(4,3)
	(45,23)
	(48,98)
	(63,3)
	(1,4)
	(64,84)
	(77,68)
	(69,68)
	(21,98)
	(16,18)
	(78,34)
	(49,48)
	(45,54)
	(86,31)
	(22,52)
	(4,9)
	(36,35)
	(63,9)
	(71,74)
	(100,80)
	(11,88)
	(65,85)
	(77,57)
	(63,85)
	(25,26)
	(99,88)
	(81,88)
	(14,36)
	(96,91)
	(43,73)
	(92,100)
	(19,37)
	(67,85)
	(28,73)
	(82,86)
	(82,46)
	(5,75)
	(91,92)
	(16,26)
	(10,8)
	(47,3)
	(11,20)
	(58,28)
	(34,94)
	(41,32)
	(12,3)
	(1,67)
	(27,72)
	(66,48)
	(66,22)
	(1,89)
	(52,55)
	(19,13)
	(80,90)
	(44,74)
	(97,91)
	(86,64)
	(80,70)
	(92,65)
	(79,88)
	(66,64)
	(78,28)
	(72,75)
	(98,93)
	(76,98)
	(23,30)
	(41,1)
	(82,81)
	(73,78)
	(4,84)
	(61,63)
	(77,74)
	(13,17)
	(32,62)
	(2,8)
	(89,59)
	(24,13)
	(19,29)
	(81,31)
	(57,48)
	(63,27)
	(88,55)
	(20,11)
	(27,67)
	(37,73)
	(59,77)
	(2,32)
	(35,33)
	(61,51)
	(67,27)
	(84,4)
	(25,3)
	(48,42)
	(14,20)
	(28,39)
	(23,53)
	(80,40)
	(51,62)
	(93,3)
	(35,2)
	(36,34)
	(3,21)
	(75,71)
	(32,23)
	(70,10)
	(59,37)
	(34,56)
	(2,1)
	(1,78)
	(19,46)
	(22,26)
	(72,81)
	(91,10)
	(25,85)
	(46,82)
	(5,15)
	(32,54)
	(68,38)
	(40,90)
	(58,88)
	(40,70)
	(6,42)
	(47,27)
	(69,25)
	(51,11)
	(68,58)
	(10,3)
	(68,24)
	(32,76)
	(56,100)
	(68,59)
	(73,10)
	(37,67)
	(44,45)
	(71,93)
	(1,6)
	(64,53)
	(20,16)
	(76,94)
	(54,14)
	(33,43)
	(37,35)
	(37,97)
	(38,35)
	(97,88)
	(34,67)
	(24,68)
	(28,78)
	(55,22)
	(51,54)
	(65,74)
	(63,74)
	(60,49)
	(17,53)
	(34,35)
	(24,27)
	(83,72)
	(66,65)
	(10,9)
	(18,17)
	(84,89)
	(59,29)
	(35,38)
	(55,64)
	(31,53)
	(42,97)
	(39,84)
	(3,43)
	(74,64)
	(30,26)
	(33,40)
	(99,79)
	(70,50)
	(9,29)
	(35,24)
	(85,65)
	(61,11)
	(56,65)
	(24,57)
	(28,6)
	(15,48)
	(50,59)
	(82,83)
	(37,17)
	(43,34)
	(39,40)
	(1,10)
	(18,78)
	(95,59)
	(93,84)
	(50,80)
	(2,13)
	(25,27)
	(66,55)
	(77,7)
	(19,15)
	(11,18)
	(90,85)
	(32,33)
	(83,89)
	(56,1)
	(16,43)
	(12,82)
	(85,55)
	(1,5)
	(56,55)
	(80,30)
	(97,31)
	(76,96)
	(1,2)
	(14,47)
	(47,74)
	(54,64)
	(88,86)
	(89,79)
	(96,52)
	(94,74)
	(28,10)
	(16,61)
	(76,72)
	(49,9)
	(52,57)
	(32,36)
	(88,68)
	(49,85)
	(5,45)
	(72,83)
	(24,74)
	(53,93)
	(58,52)
	(61,16)
	(90,70)
	(65,45)
	(63,45)
	(43,16)
	(83,92)
	(73,80)
	(27,5)
	(61,91)
	(29,20)
	(9,81)
	(37,34)
	(42,6)
	(14,18)
	(76,67)
	(78,48)
	(27,28)
	(90,84)
	(93,82)
	(2,68)
	(100,1)
	(5,49)
	(81,87)
	(5,7)
	(23,12)
	(58,47)
	(59,15)
	(90,40)
	(68,79)
	(89,100)
	(28,50)
	(17,71)
	(52,74)
	(2,57)
	(63,93)
	(8,44)
	(97,47)
	(18,28)
	(47,45)
	(49,27)
	(60,96)
	(15,26)
	(60,56)
	(33,44)
	(38,16)
	(41,74)
	(33,53)
	(53,71)
	(51,58)
	(87,97)
	(54,65)
	(54,32)
	(51,59)
	(66,75)
	(37,91)
	(25,30)
	(30,70)
	(37,28)
	(93,30)
	(99,77)
	(36,31)
	(85,75)
	(92,74)
	(80,98)
	(71,35)
	(77,73)
	(76,78)
	(66,86)
	(90,82)
	(23,63)
	(17,12)
	(19,49)
	(70,48)
	(96,26)
	(69,96)
	(71,51)
	(30,84)
	(66,68)
	(85,86)
	(94,49)
	(83,33)
	(11,21)
	(54,55)
	(56,86)
	(87,17)
	(75,76)
	(81,9)
	(3,83)
	(70,64)
	(80,60)
	(81,85)
	(85,41)
	(93,53)
	(3,25)
	(76,6)
	(26,21)
	(78,8)
	(25,45)
	(13,31)
	(10,30)
	(6,33)
	(30,40)
	(21,28)
	(38,36)
	(42,50)
	(96,87)
	(29,47)
	(22,82)
	(45,100)
	(98,54)
	(91,64)
	(66,57)
	(80,71)
	(57,84)
	(6,2)
	(29,79)
	(98,76)
	(57,27)
	(44,35)
	(64,63)
	(73,64)
	(8,98)
	(56,57)
	(68,65)
	(72,94)
	(82,73)
	(77,67)
	(85,81)
	(74,85)
	(69,67)
	(99,90)
	(50,100)
	(90,30)
	(84,24)
	(26,70)
	(20,47)
	(41,45)
	(69,89)
	(68,66)
	(77,97)
	(95,100)
	(48,38)
	(62,65)
	(97,87)
	(13,22)
	(45,65)
	(69,39)
	(48,58)
	(51,52)
	(48,59)
	(29,18)
	(31,35)
	(36,47)
	(38,88)
	(52,7)
	(62,66)
	(15,85)
	(44,17)
	(81,84)
	(53,63)
	(72,42)
	(35,65)
	(31,51)
	(60,78)
	(83,38)
	(71,11)
	(22,30)
	(67,12)
	(85,15)
	(53,35)
	(11,61)
	(40,60)
	(91,100)
	(65,56)
	(77,17)
	(9,49)
	(41,49)
	(53,51)
	(81,61)
	(45,55)
	(89,90)
	(79,70)
	(68,77)
	(58,3)
	(77,99)
	(20,18)
	(69,99)
	(38,20)
	(24,94)
	(56,74)
	(59,60)
	(6,24)
	(96,85)
	(61,52)
	(64,62)
	(28,48)
	(28,22)
	(89,29)
	(35,55)
	(10,19)
	(43,52)
	(27,22)
	(77,78)
	(69,78)
	(70,26)
	(77,95)
	(17,62)
	(14,84)
	(28,64)
	(58,85)
	(5,35)
	(55,57)
	(37,31)
	(19,73)
	(94,4)
	(44,11)
	(84,14)
	(16,60)
	(2,7)
	(65,35)
	(44,34)
	(34,31)
	(93,71)
	(67,63)
	(53,62)
	(80,72)
	(81,82)
	(42,31)
	(94,96)
	(82,92)
	(95,77)
	(36,26)
	(43,47)
	(91,1)
	(18,48)
	(35,37)
	(91,55)
	(71,91)
	(17,11)
	(68,90)
	(85,83)
	(57,30)
	(54,27)
	(31,11)
	(64,54)
	(76,80)
	(8,4)
	(73,55)
	(33,42)
	(21,31)
	(1,8)
	(7,16)
	(49,19)
	(53,23)
	(54,57)
	(98,58)
	(97,70)
	(80,89)
	(35,13)
	(34,52)
	(23,33)
	(56,45)
	(84,48)
	(42,22)
	(89,81)
	(92,94)
	(57,53)
	(5,95)
	(47,97)
	(94,67)
	(53,54)
	(84,64)
	(16,12)
	(42,64)
	(72,92)
	(94,97)
	(33,63)
	(65,95)
	(19,39)
	(28,8)
	(58,40)
	(59,4)
	(67,62)
	(68,86)
	(52,96)
	(37,47)
	(45,75)
	(38,47)
	(68,46)
	(60,50)
	(29,21)
	(21,22)
	(9,4)
	(24,35)
	(52,56)
	(17,16)
	(85,49)
	(66,93)
	(72,78)
	(11,44)
	(47,17)
	(36,3)
	(35,75)
	(87,88)
	(28,26)
	(99,44)
	(45,46)
	(26,44)
	(31,91)
	(26,53)
	(54,74)
	(19,99)
	(62,68)
	(82,10)
	(45,41)
	(46,76)
	(73,13)
	(9,72)
	(95,75)
	(18,8)
	(93,63)
	(94,99)
	(68,57)
	(35,46)
	(4,54)
	(77,50)
	(57,93)
	(92,96)
	(100,45)
	(25,35)
	(36,9)
	(43,87)
	(50,86)
	(12,62)
	(50,46)
	(92,56)
	(35,68)
	(38,18)
	(13,3)
	(26,25)
	(50,41)
	(32,37)
	(50,68)
	(80,76)
	(94,95)
	(30,60)
	(32,21)
	(39,89)
	(45,81)
	(23,24)
	(55,45)
	(67,76)
	(82,28)
	(59,89)
	(46,16)
	(1,3)
	(20,90)
	(31,36)
	(14,44)
	(20,70)
	(35,57)
	(9,89)
	(22,12)
	(59,39)
	(12,23)
	(12,11)
	(37,26)
	(69,80)
	(29,40)
	(88,97)
	(75,79)
	(44,88)
	(51,21)
	(42,32)
	(9,39)
	(41,51)
	(100,93)
	(8,78)
	(94,34)
	(89,83)
	(85,94)
	(33,23)
	(3,69)
	(92,97)
	(14,25)
	(45,15)
	(77,88)
	(59,69)
	(72,2)
	(37,87)
	(24,34)
	(99,98)
	(9,69)
	(54,45)
	(48,66)
	(20,40)
	(21,32)
	(35,15)
	(19,10)
	(8,6)
	(55,19)
	(32,43)
	(46,36)
	(9,99)
	(2,35)
	(83,65)
	(61,21)
	(88,99)
	(36,40)
	(43,21)
	(40,76)
	(95,15)
	(58,53)
	(93,23)
	(63,36)
	(21,1)
	(17,20)
	(11,71)
	(25,34)
	(86,56)
	(92,99)
	(53,59)
	(12,16)
	(88,78)
	(15,19)
	(98,18)
	(66,56)
	(6,66)
	(81,71)
	(19,28)
	(26,71)
	(85,96)
	(97,53)
	(32,41)
	(89,98)
	(52,34)
	(94,91)
	(8,10)
	(92,95)
	(87,47)
	(61,70)
	(18,9)
	(6,1)
	(9,6)
	(51,61)
	(7,52)
	(24,28)
	(48,37)
	(47,50)
	(46,24)
	(16,76)
	(8,5)
	(51,41)
	(8,2)
	(61,43)
	(76,32)
	(72,80)
	(66,67)
	(11,12)
	(71,79)
	(40,33)
	(86,97)
	(47,36)
	(73,74)
	(79,71)
	(3,10)
	(4,59)
	(75,66)
	(28,27)
	(25,16)
	(80,58)
	(85,67)
	(3,33)
	(56,67)
	(39,33)
	(77,22)
	(22,62)
	(21,3)
	(70,30)
	(43,61)
	(9,10)
	(95,25)
	(51,81)
	(3,5)
	(65,20)
	(69,64)
	(3,2)
	(27,57)
	(68,98)
	(56,51)
	(57,35)
	(100,56)
	(96,60)
	(83,13)
	(44,47)
	(9,5)
	(37,70)
	(9,2)
	(57,51)
	(55,73)
	(18,27)
	(84,75)
	(53,52)
	(22,23)
	(45,49)
	(75,77)
	(22,11)
	(66,99)
	(41,91)
	(77,47)
	(29,83)
	(58,60)
	(10,91)
	(14,12)
	(55,56)
	(29,25)
	(88,28)
	(25,36)
	(48,75)
	(84,86)
	(51,15)
	(7,18)
	(83,29)
	(81,63)
	(86,95)
	(82,22)
	(15,12)
	(33,38)
	(92,91)
	(34,84)
	(50,49)
	(100,67)
	(23,100)
	(40,38)
	(49,76)
	(33,24)
	(82,64)
	(48,46)
	(47,20)
	(95,98)
	(37,40)
	(38,40)
	(41,50)
	(20,83)
	(40,58)
	(85,95)
	(100,97)
	(12,20)
	(48,41)
	(39,38)
	(48,68)
	(80,14)
	(34,61)
	(34,40)
	(30,23)
	(3,58)
	(40,80)
	(39,59)
	(84,57)
	(83,86)
	(63,52)
	(98,21)
	(55,35)
	(54,56)
	(17,18)
	(3,80)
	(13,53)
	(21,27)
	(49,16)
	(99,89)
	(6,86)
	(48,57)
	(55,51)
	(6,46)
	(79,72)
	(72,22)
	(56,34)
	(7,87)
	(16,38)
	(91,19)
	(100,99)
	(28,30)
	(46,79)
	(37,82)
	(26,62)
	(1,45)
	(15,35)
	(73,93)
	(65,47)
	(83,81)
	(73,19)
	(78,12)
	(15,51)
	(57,54)
	(99,69)
	(100,95)
	(67,47)
	(71,77)
	(89,67)
	(99,92)
	(43,44)
	(48,15)
	(43,53)
	(79,89)
	(84,74)
	(96,63)
	(95,94)
	(87,21)
	(98,43)
	(19,64)
	(54,51)
	(13,93)
	(26,23)
	(81,11)
	(20,60)
	(27,45)
	(64,66)
	(85,5)
	(55,95)
	(13,19)
	(1,7)
	(89,39)
	(32,98)
	(61,83)
	(82,32)
	(3,14)
	(10,20)
	(61,25)
	(71,21)
	(7,77)
	(5,8)
	(63,18)
	(100,34)
	(81,54)
	(91,94)
	(6,15)
	(23,21)
	(45,56)
	(5,32)
	(86,50)
	(87,90)
	(89,69)
	(83,74)
	(26,76)
	(8,48)
	(14,69)
	(55,11)
	(7,37)
	(41,31)
	(89,99)
	(27,49)
	(74,34)
	(27,7)
	(90,20)
	(25,52)
	(16,14)
	(69,3)
	(14,23)
	(80,100)
	(68,67)
	(87,84)
	(95,96)
	(87,43)
	(28,19)
	(51,60)
	(49,59)
	(17,77)
	(89,78)
	(52,22)
	(72,32)
	(15,11)
	(62,67)
	(64,37)
	(45,67)
	(14,54)
	(42,53)
	(59,48)
	(79,76)
	(75,15)
	(46,66)
	(65,87)
	(12,18)
	(91,73)
	(38,83)
	(23,29)
	(43,98)
	(11,33)
	(17,37)
	(91,96)
	(19,8)
	(41,52)
	(100,91)
	(25,47)
	(88,22)
	(23,43)
	(99,33)
	(54,34)
	(67,87)
	(7,29)
	(86,88)
	(76,74)
	(71,61)
	(31,21)
	(68,69)
	(18,19)
	(66,88)
	(92,22)
	(30,24)
	(7,43)
	(55,91)
	(35,39)
	(60,27)
	(62,69)
	(64,70)
	(50,39)
	(100,50)
	(61,71)
	(70,63)
	(62,92)
	(13,12)
	(81,36)
	(5,3)
	(7,61)
	(60,40)
	(41,47)
	(44,43)
	(32,42)
	(44,84)
	(68,78)
	(40,100)
	(23,41)
	(96,76)
	(87,82)
	(15,16)
	(82,85)
	(2,52)
	(48,49)
	(47,87)
	(24,26)
	(58,54)
	(57,59)
	(91,97)
	(46,37)
	(80,77)
	(45,78)
	(62,95)
	(38,98)
	(77,27)
	(36,63)
	(5,9)
	(45,95)
	(58,76)
	(71,82)
	(67,77)
	(5,85)
	(29,89)
	(51,42)
	(95,92)
	(1,56)
	(64,61)
	(75,25)
	(96,16)
	(35,95)
	(64,46)
	(32,72)
	(38,60)
	(73,51)
	(33,66)
	(8,1)
	(6,7)
	(53,43)
	(50,95)
	(78,76)
	(52,32)
	(90,79)
	(31,40)
	(31,61)
	(13,63)
	(26,24)
	(9,8)
	(99,59)
	(26,59)
	(46,90)
	(70,62)
	(91,99)
	(88,8)
	(29,69)
	(13,35)
	(39,66)
	(49,47)
	(29,92)
	(50,6)
	(43,42)
	(84,94)
	(4,70)
	(55,88)
	(49,79)
	(65,70)
	(3,1)
	(29,23)
	(63,70)
	(64,82)
	(91,95)
	(46,43)
	(18,12)
	(33,77)
	(92,32)
	(19,9)
	(93,66)
	(1,51)
	(59,55)
	(96,36)
	(67,70)
	(76,49)
	(68,2)
	(32,39)
	(9,1)
	(5,27)
	(56,52)
	(79,24)
	(20,92)
	(73,95)
	(79,59)
	(16,66)
	(12,21)
	(65,43)
	(63,43)
	(14,58)
	(43,63)
	(94,85)
	(14,24)
	(68,28)
	(61,72)
	(57,52)
	(60,30)
	(74,20)
	(33,37)
	(45,5)
	(62,2)
	(8,3)
	(58,36)
	(71,44)
	(71,53)
	(79,80)
	(89,80)
	(83,94)
	(50,10)
	(14,80)
	(40,37)
	(80,75)
	(34,12)
	(27,97)
	(65,61)
	(46,41)
	(63,61)
	(42,12)
	(32,92)
	(11,14)
	(35,5)
	(84,73)
	(72,27)
	(39,37)
	(17,15)
	(67,40)
	(67,61)
	(56,47)
	(48,4)
	(15,20)
	(60,53)
	(90,87)
	(95,5)
	(18,63)
	(36,54)
	(57,47)
	(23,83)
	(50,28)
	(28,17)
	(45,50)
	(23,25)
	(27,17)
	(25,21)
	(36,76)
	(47,43)
	(57,79)
	(13,23)
	(13,11)
	(3,13)
	(9,3)
	(58,38)
	(44,53)
	(94,84)
	(83,73)
	(61,62)
	(7,25)
	(52,85)
	(58,59)
	(64,44)
	(40,29)
	(6,4)
	(1,11)
	(83,56)
	(24,84)
	(87,98)
	(1,34)
	(55,52)
	(78,88)
	(61,69)
	(39,29)
	(94,40)
	(17,44)
	(74,52)
	(91,28)
	(6,96)
	(30,100)
	(41,85)
	(36,16)
	(22,66)
	(6,56)
	(86,26)
	(88,85)
	(8,68)
	(73,91)
	(51,6)
	(66,26)
	(73,28)
	(84,39)
	(42,51)
	(87,60)
	(43,23)
	(39,75)
	(2,3)
	(53,44)
	(72,74)
	(75,42)
	(56,26)
	(25,43)
	(48,39)
	(86,87)
	(93,43)
	(13,16)
	(69,49)
	(74,47)
	(43,54)
	(59,86)
	(76,73)
	(53,83)
	(10,90)
	(21,51)
	(2,9)
	(22,77)
	(54,52)
	(74,79)
	(10,70)
	(81,18)
	(25,61)
	(43,76)
	(30,66)
	(32,5)
	(59,68)
	(32,2)
	(69,19)
	(76,56)
	(46,44)
	(29,38)
	(1,91)
	(18,11)
	(75,72)
	(42,62)
	(57,87)
	(51,33)
	(6,39)
	(29,24)
	(9,27)
	(16,86)
	(84,95)
	(29,59)
	(4,44)
	(39,57)
	(88,84)
	(16,46)
	(22,21)
	(38,92)
	(70,88)
	(99,100)
	(63,53)
	(98,96)
	(59,57)
	(18,54)
	(12,15)
	(48,78)
	(41,61)
	(10,40)
	(20,38)
	(6,17)
	(34,23)
	(28,91)
	(33,15)
	(63,83)
	(19,30)
	(82,93)
	(44,71)
	(72,45)
	(70,20)
	(84,34)
	(82,19)
	(35,31)
	(80,25)
	(15,18)
	(43,33)
	(20,80)
	(36,58)
	(68,48)
	(34,54)
	(11,66)
	(32,38)
	(75,39)
	(86,85)
	(77,71)
	(30,21)
	(99,66)
	(22,29)
	(24,30)
	(57,77)
	(18,16)
	(26,66)
	(68,64)
	(21,11)
	(47,44)
	(53,60)
	(62,22)
	(98,89)
	(90,46)
	(45,48)
	(31,71)
	(49,43)
	(11,55)
	(10,82)
	(62,64)
	(99,55)
	(97,79)
	(78,79)
	(91,31)
	(16,15)
	(51,24)
	(49,40)
	(30,90)
	(50,48)
	(11,77)
	(34,16)
	(58,18)
	(65,98)
	(66,70)
	(13,20)
	(75,78)
	(7,4)
	(71,72)
	(30,29)
	(49,41)
	(33,83)
	(90,81)
	(98,92)
	(37,33)
	(38,33)
	(44,42)
	(86,84)
	(18,36)
	(20,14)
	(2,82)
	(66,84)
	(78,18)
	(57,90)
	(89,1)
	(38,5)
	(48,28)
	(28,88)
	(64,42)
	(54,87)
	(26,37)
	(6,10)
	(30,75)
	(87,89)
	(81,21)
	(98,78)
	(94,93)
	(21,91)
	(37,36)
	(52,53)
	(66,61)
	(32,14)
	(97,100)
	(60,51)
	(31,42)
	(79,77)
	(68,8)
	(6,5)
	(34,36)
	(1,31)
	(93,83)
	(48,50)
	(23,67)
	(96,66)
	(8,7)
	(55,85)
	(53,42)
	(23,89)
	(6,28)
	(18,88)
	(62,8)
	(71,62)
	(70,79)
	(81,90)
	(16,25)
	(9,45)
	(8,19)
	(62,32)
	(99,29)
	(40,49)
	(100,70)
	(40,7)
	(26,29)
	(78,87)
	(35,8)
	(86,82)
	(6,50)
	(39,49)
	(3,7)
	(18,20)
	(38,58)
	(75,5)
	(35,32)
	(32,22)
	(46,42)
	(37,59)
	(59,49)
	(87,54)
	(84,88)
	(54,9)
	(45,1)
	(14,13)
	(34,24)
	(35,26)
	(9,7)
	(79,90)
	(87,76)
	(95,65)
	(17,67)
	(44,62)
	(72,73)
	(59,19)
	(85,74)
	(93,98)
	(26,86)
	(11,41)
	(100,40)
	(26,46)
	(90,83)
	(46,96)
	(79,29)
	(9,19)
	(74,84)
	(23,78)
	(16,49)
	(13,79)
	(81,41)
	(71,76)
	(49,44)
	(22,44)
	(15,70)
	(36,18)
	(17,39)
	(97,77)
	(92,93)
	(78,77)
	(64,69)
	(20,100)
	(95,55)
	(79,75)
	(65,63)
	(60,54)
	(11,81)
	(29,65)
	(66,30)
	(63,72)
	(97,37)
	(22,25)
	(40,94)
	(13,18)
	(77,11)
	(79,46)
	(89,86)
	(7,6)
	(68,13)
	(44,54)
	(47,42)
	(54,84)
	(27,47)
	(79,68)
	(12,42)
	(10,60)
	(86,53)
	(14,41)
	(20,65)
	(75,80)
	(98,38)
	(11,15)
	(41,71)
	(60,16)
	(77,76)
	(55,82)
	(45,9)
	(56,53)
	(79,57)
	(45,85)
	(26,15)
	(85,45)
	(30,25)
	(32,65)
	(36,66)
	(42,52)
	(90,60)
	(67,89)
	(98,80)
	(7,10)
	(17,6)
	(65,62)
	(28,18)
	(63,62)
	(12,72)
	(35,85)
	(96,46)
	(23,5)
	(52,12)
	(27,18)
	(3,4)
	(96,41)
	(3,73)
	(7,5)
	(100,30)
	(38,48)
	(63,69)
	(7,2)
	(97,75)
	(5,23)
	(80,69)
	(44,33)
	(49,60)
	(64,10)
	(67,69)
	(24,51)
	(42,47)
	(19,17)
	(73,3)
	(14,15)
	(63,23)
	(59,56)
	(97,86)
	(27,26)
	(12,89)
	(8,35)
	(92,12)
	(93,96)
	(51,1)
	(67,23)
	(51,55)
	(80,78)
	(45,27)
	(46,6)
	(65,54)
	(40,67)
	(16,96)
	(31,33)
	(63,54)
	(61,65)
	(36,37)
	(81,83)
	(52,63)
	(43,65)
	(27,87)
	(65,76)
	(95,86)
	(70,90)
	(33,39)
	(69,36)
	(2,12)
	(55,53)
	(53,33)
	(74,44)
	(61,66)
	(71,80)
	(20,13)
	(40,39)
	(82,91)
	(95,68)
	(8,17)
	(52,51)
	(41,63)
	(12,92)
	(61,1)
	(5,16)
	(75,48)
	(19,11)
	(60,59)
	(56,60)
	(20,29)
	(46,10)
	(33,99)
	(48,8)
	(75,64)
	(57,60)
	(1,9)
	(12,78)
	(44,24)
	(39,69)
	(60,20)
	(93,39)
	(70,40)
	(70,61)
	(24,23)
	(4,10)
	(98,48)
	(94,54)
	(49,42)
	(54,53)
	(22,42)
	(39,99)
	(64,24)
	(46,2)
	(99,49)
	(80,10)
	(73,84)
	(63,33)
	(15,25)
	(38,65)
	(77,59)
	(59,99)
	(94,76)
	(52,62)
	(13,90)
	(25,69)
	(22,4)
	(31,38)
	(89,45)
	(4,5)
	(24,54)
	(4,2)
	(6,8)
	(21,26)
	(93,92)
	(27,9)
	(33,6)
	(28,21)
	(25,23)
	(59,95)
	(36,46)
	(53,58)
	(19,16)
	(13,43)
	(23,14)
	(100,60)
	(56,12)
	(22,72)
	(6,26)
	(19,91)
	(3,6)
	(21,87)
	(39,6)
	(79,49)
	(90,89)
	(92,62)
	(82,88)
	(89,49)
	(55,60)
	(58,25)
	(37,77)
	(41,23)
	(52,54)
	(13,46)
	(41,11)
	(80,50)
	(60,52)
	(89,19)
	(98,100)
	(44,14)
	(88,11)
	(36,81)
	(1,61)
	(2,62)
	(73,82)
	(40,10)
	(75,65)
	(74,71)
	(12,2)
	(49,89)
	(65,38)
	(16,6)
	(50,30)
	(64,14)
	(66,63)
	(29,74)
	(99,94)
	(38,37)
	(4,24)
	(8,28)
	(23,22)
	(76,26)
	(34,37)
	(98,8)
	(20,15)
	(17,14)
	(96,98)
	(84,85)
	(67,58)
	(100,12)
	(85,35)
	(51,57)
	(98,65)
	(98,32)
	(54,60)
	(52,16)
	(83,3)
	(2,11)
	(20,74)
	(35,45)
	(43,46)
	(75,55)
	(49,69)
	(61,41)
	(76,87)
	(61,68)
	(58,98)
	(50,45)
	(43,41)
	(22,92)
	(6,3)
	(93,33)
	(39,28)
	(95,45)
	(26,4)
	(14,94)
	(47,38)
	(97,98)
	(83,85)
	(38,29)
	(30,39)
	(40,50)
	(69,47)
	(78,98)
	(47,58)
	(99,96)
	(18,40)
	(16,5)
	(26,96)
	(61,81)
	(6,9)
	(77,79)
	(66,62)
	(39,50)
	(26,56)
	(82,52)
	(47,80)
	(28,82)
	(34,43)
	(59,50)
	(81,72)
	(78,60)
	(42,43)
	(73,53)
	(87,65)
	(19,20)
	(4,14)
	(10,2)
	(37,46)
	(95,93)
	(14,4)
	(15,42)
	(8,88)
	(78,71)
	(9,36)
	(90,10)
	(74,63)
	(66,11)
	(38,68)
	(36,25)
	(74,72)
	(56,23)
	(89,56)
	(58,94)
	(83,84)
	(76,85)
	(23,32)
	(42,41)
	(81,89)
	(99,97)
	(25,58)
	(25,24)
	(29,49)
	(91,93)
	(29,7)
	(90,2)
	(46,48)
	(72,52)
	(86,76)
	(60,87)
	(21,61)
	(99,39)
	(71,1)
	(66,76)
	(25,80)
	(97,94)
	(13,83)
	(27,30)
	(46,64)
	(56,54)
	(87,77)
	(52,59)
	(4,48)
	(22,33)
	(47,14)
	(23,1)
	(56,76)
	(12,14)
	(54,63)
	(42,82)
	(49,5)
	(11,99)
	(22,2)
	(7,1)
	(70,60)
	(86,16)
	(87,37)
	(81,92)
	(77,87)
	(64,65)
	(44,66)
	(69,87)
	(17,8)
	(75,86)
	(66,16)
	(97,42)
	(37,15)
	(10,80)
	(33,31)
	(79,39)
	(9,20)
	(30,10)
	(77,66)
	(100,23)
	(40,31)
	(56,16)
	(43,83)
	(62,73)
	(44,55)
	(99,95)
	(43,25)
	(38,74)
	(28,25)
	(66,33)
	(39,31)
	(91,71)
	(90,24)
	(97,96)
	(64,55)
	(79,69)
	(92,20)
	(76,40)
	(75,57)
	(25,14)
	(12,22)
	(98,68)
	(44,77)
	(90,80)
	(19,79)
	(79,99)
	(72,18)
	(84,30)
	(26,6)
	(31,1)
	(73,71)
	(30,28)
	(86,36)
	(78,72)
	(82,87)
	(33,22)
	(49,38)
	(95,73)
	(66,36)
	(55,54)
	(23,13)
	(49,58)
	(58,67)
	(74,54)
	(22,24)
	(79,78)
	(67,100)
	(68,35)
	(53,55)
	(24,79)
	(57,2)
	(34,44)
	(56,36)
	(39,48)
	(74,76)
	(21,30)
	(42,44)
	(69,9)
	(19,18)
	(77,37)
	(97,67)
	(61,7)
	(59,52)
	(62,35)
	(60,90)
	(43,49)
	(43,7)
	(45,35)
	(96,69)
	(60,70)
	(28,98)
	(63,65)
	(87,86)
	(71,75)
	(78,89)
	(96,92)
	(62,51)
	(1,71)
	(31,37)
	(93,48)
	(48,45)
	(34,25)
	(75,74)
	(65,66)
	(63,66)
	(67,65)
	(46,55)
	(11,2)
	(89,34)
	(58,69)
	(29,56)
	(92,52)
	(86,59)
	(12,100)
	(4,1)
	(27,60)
	(67,66)
	(96,78)
	(83,53)
	(85,88)
	(95,35)
	(71,41)
	(62,17)
	(54,76)
	(17,13)
	(95,97)
	(30,80)
	(69,70)
	(8,18)
	(26,28)
	(31,13)
	(18,98)
	(87,57)
	(95,51)
	(56,58)
	(67,1)
	(78,69)
	(97,92)
	(55,33)
	(87,81)
	(56,59)
	(68,95)
	(97,99)
	(58,78)
	(84,93)
	(20,56)
	(35,17)
	(57,58)
	(96,6)
	(53,13)
	(57,24)
	(1,12)
	(23,27)
	(47,65)
	(78,23)
	(88,79)
	(50,17)
	(36,96)
	(92,47)
	(38,49)
	(12,32)
	(48,93)
	(56,20)
	(71,81)
	(64,75)
	(73,63)
	(91,51)
	(79,2)
	(44,46)
	(14,5)
	(8,26)
	(15,33)
	(36,72)
	(61,94)
	(95,99)
	(4,37)
	(33,32)
	(69,61)
	(44,41)
	(64,86)
	(29,39)
	(3,8)
	(65,21)
	(93,100)
	(40,32)
	(31,75)
	(82,90)
	(83,93)
	(7,57)
	(9,18)
	(12,1)
	(51,73)
	(46,13)
	(67,37)
	(64,68)
	(88,18)
	(39,32)
	(2,79)
	(75,45)
	(72,9)
	(53,75)
	(45,34)
	(80,3)
	(31,86)
	(51,56)
	(4,13)
	(33,55)
	(63,13)
	(47,77)
	(82,84)
	(31,41)
	(59,26)
	(17,27)
	(25,65)
	(29,99)
	(35,34)
	(53,86)
	(10,100)
	(70,69)
	(54,36)
	(74,38)
	(32,35)
	(36,39)
	(55,58)
	(100,20)
	(55,59)
	(74,24)
	(17,57)
	(65,29)
	(47,37)
	(73,62)
	(20,17)
	(85,52)
	(31,81)
	(74,80)
	(21,71)
	(75,93)
	(25,55)
	(36,69)
	(27,63)
	(90,100)
	(46,86)
	(53,57)
	(91,11)
	(65,75)
	(88,87)
	(30,48)
	(30,22)
	(15,24)
	(87,83)
	(15,59)
	(24,21)
	(46,68)
	(33,3)
	(73,23)
	(12,13)
	(5,41)
	(88,66)
	(68,50)
	(89,88)
	(54,58)
	(8,9)
	(54,24)
	(64,74)
	(11,31)
	(54,59)
	(63,41)
	(65,68)
	(33,13)
	(61,67)
	(10,1)
	(63,68)
	(72,61)
	(47,29)
	(10,55)
	(46,57)
	(37,4)
	(21,12)
	(67,68)
	(18,72)
	(24,90)
	(95,91)
	(73,76)
	(34,4)
	(40,85)
	(36,6)
	(3,9)
	(45,36)
	(39,9)
	(38,56)
	(74,14)
	(63,81)
	(88,77)
	(24,29)
	(1,23)
	(59,9)
	(23,45)
	(77,44)
	(76,71)
	(51,95)
	(67,57)
	(22,32)
	(58,80)
	(11,22)
	(87,7)
	(78,38)
	(94,61)
	(32,34)
	(93,13)
	(35,36)
	(47,46)
	(95,50)
	(99,22)
	(26,48)
	(10,37)
	(26,22)
	(20,10)
	(41,21)
	(42,72)
	(78,58)
	(47,41)
	(72,82)
	(16,13)
	(68,88)
	(15,14)
	(29,28)
	(84,51)
	(98,94)
	(78,80)
	(25,29)
	(4,15)
	(28,23)
	(65,15)
	(24,46)
	(27,23)
	(22,55)
	(30,8)
	(36,33)
	(73,33)
	(47,57)
	(83,63)
	(59,70)
	(4,74)
	(25,75)
	(23,93)
	(34,89)
	(75,73)
	(19,82)
	(37,39)
	(38,39)
	(93,75)
	(52,43)
	(88,90)
	(80,74)
	(27,54)
	(86,66)
	(88,70)
	(85,87)
	(34,39)
	(44,49)
	(13,33)
	(58,14)
	(61,34)
	(14,64)
	(52,61)
	(84,62)
	(41,43)
	(6,51)
	(90,13)
	(20,50)
	(56,66)
	(92,29)
	(13,2)
	(52,41)
	(57,66)
	(2,90)
	(50,20)
	(70,59)
	(17,7)
	(42,92)
	(27,16)
	(5,25)
	(64,19)
	(16,27)
	(51,91)
	(86,77)
	(41,46)
	(38,78)
	(70,80)
	(65,83)
	(93,57)
	(66,77)
	(10,46)
	(22,13)
	(69,60)
	(26,8)
	(65,25)
	(24,15)
	(57,55)
	(17,19)
	(75,35)
	(34,78)
	(36,38)
	(75,97)
	(46,45)
	(52,82)
	(58,48)
	(84,54)
	(49,29)
	(21,23)
	(36,80)
	(90,86)
	(54,18)
	(11,1)
	(98,97)
	(62,52)
	(38,34)
	(41,81)
	(83,23)
	(87,96)
	(25,15)
	(67,45)
	(94,44)
	(88,81)
	(81,1)
	(2,46)
	(90,68)
	(44,94)
	(88,82)
	(27,36)
	(46,49)
	(55,65)
	(8,30)
	(74,65)
	(13,24)
	(21,54)
	(57,37)
	(97,64)
	(71,73)
	(47,83)
	(92,81)
	(86,90)
	(64,94)
	(24,44)
	(92,82)
	(55,66)
	(21,76)
	(47,25)
	(4,7)
	(94,83)
	(23,73)
	(46,19)
	(14,32)
	(49,46)
	(43,50)
	(37,10)
	(90,57)
	(40,30)
	(96,100)
	(75,95)
	(82,71)
	(85,90)
	(5,60)
	(15,65)
	(45,47)
	(67,49)
	(23,56)
	(67,7)
	(8,53)
	(57,13)
	(98,99)
	(39,30)
	(6,76)
	(22,27)
	(24,25)
	(34,33)
	(12,45)
	(87,67)
	(28,38)
	(44,4)
	(56,29)
	(42,33)
	(86,75)
	(27,38)
	(36,14)
	(28,58)
	(89,87)
	(85,84)
	(28,24)
	(55,77)
	(50,47)
	(98,95)
	(68,18)
	(35,79)
	(74,77)
	(64,4)
	(27,24)
	(38,28)
	(42,2)
	(29,22)
	(15,55)
	(64,73)
	(86,46)
	(3,53)
	(11,13)
	(78,100)
	(6,16)
	(58,8)
	(66,46)
	(47,49)
	(59,53)
	(32,31)
	(47,7)
	(85,40)
	(86,68)
	(45,18)
	(82,12)
	(76,54)
	(31,4)
	(55,37)
	(57,75)
	(72,71)
	(41,44)
	(69,63)
	(94,98)
	(87,69)
	(99,9)
	(18,38)
	(13,14)
	(30,27)
	(56,46)
	(7,67)
	(88,44)
	(52,25)
	(77,72)
	(18,58)
	(100,90)
	(7,97)
	(12,19)
	(4,94)
	(57,46)
	(53,73)
	(30,57)
	(51,31)
	(82,42)
	(71,17)
	(86,81)
	(33,93)
	(37,38)
	(57,68)
	(15,37)
	(62,26)
	(14,3)
	(88,83)
	(53,56)
	(67,94)
	(87,78)
	(58,55)
	(73,79)
	(34,38)
	(64,67)
	(32,52)
	(79,13)
	(76,16)
	(3,93)
	(92,83)
	(39,93)
	(6,36)
	(85,82)
	(64,97)
	(79,9)
	(72,12)
	(39,19)
	(60,69)
	(71,78)
	(7,17)
	(42,24)
	(89,9)
	(54,21)
	(25,7)
	(78,1)
	(74,29)
	(5,4)
	(46,73)
	(48,88)
	(89,85)
	(15,13)
	(81,86)
	(61,31)
	(17,35)
	(17,97)
	(82,72)
	(70,100)
	(31,97)
	(16,7)
	(46,56)
	(69,62)
	(55,75)
	(63,73)
	(74,75)
	(98,91)
	(98,28)
	(31,39)
	(81,27)
	(21,24)
	(26,27)
	(80,73)
	(83,88)
	(8,71)
	(44,99)
	(63,96)
	(53,97)
	(19,12)
	(16,19)
	(52,60)
	(55,46)
	(10,7)
	(18,14)
	(76,36)
	(88,98)
	(67,56)
	(74,41)
	(15,75)
	(23,34)
	(29,26)
	(82,89)
	(70,65)
	(43,48)
	(72,63)
	(92,98)
	(83,20)
	(54,43)
	(61,64)
	(7,34)
	(70,66)
	(53,17)
	(89,84)
	(46,35)
	(49,45)
	(66,44)
	(82,62)
	(34,14)
	(65,67)
	(63,67)
	(38,31)
	(24,42)
	(36,32)
	(86,83)
	(50,77)
	(93,94)
	(47,56)
	(24,4)
	(12,56)
	(33,73)
	(1,100)
	(64,34)
	(60,10)
	(76,58)
	(67,97)
	(96,86)
	(94,72)
	(56,83)
	(68,70)
	(3,12)
	(85,25)
	(31,34)
	(98,88)
	(60,5)
	(55,15)
	(23,28)
	(37,48)
	(65,69)
	(95,85)
	(72,62)
	(65,92)
	(62,70)
	(78,75)
	(54,81)
	(70,37)
	(32,87)
	(37,64)
	(47,67)
	(52,42)
	(58,68)
	(67,17)
	(42,48)
	(12,67)
	(89,82)
	(73,77)
	(19,89)
	(93,73)
	(35,90)
	(34,64)
	(77,33)
	(91,37)
	(62,84)
	(79,74)
	(48,47)
	(50,90)
	(75,31)
	(91,21)
	(26,30)
	(45,43)
	(68,61)
	(14,74)
	(50,70)
	(41,42)
	(29,9)
	(78,68)
	(58,57)
	(97,27)
	(33,35)
	(67,78)
	(73,37)
	(64,91)
	(5,6)
	(16,56)
	(64,28)
	(30,93)
	(43,32)
	(40,35)
	(62,61)
	(3,63)
	(33,51)
	(10,4)
	(30,19)
	(55,44)
	(83,47)
	(4,6)
	(92,42)
	(52,72)
	(47,69)
	(97,57)
	(50,43)
	(19,69)
	(10,73)
	(17,28)
	(39,35)
	(72,54)
	(41,96)
	(47,92)
	(12,17)
	(44,50)
	(95,84)
	(60,38)
	(4,34)
	(9,63)
	(20,9)
	(57,7)
	(49,94)
	(35,40)
	(72,76)
	(81,45)
	(94,92)
	(60,58)
	(48,18)
	(50,40)
	(59,51)
	(74,83)
	(55,25)
	(2,42)
	(67,34)
	(96,74)
	(28,55)
	(34,100)
	(8,62)
	(60,80)
	(93,97)
	(17,50)
	(5,10)
	(82,2)
	(2,4)
	(92,72)
	(39,17)
	(1,21)
	(38,8)
	(62,82)
	(54,44)
	(27,77)
	(73,43)
	(69,58)
	(48,26)
	(29,27)
	(37,32)
	(38,32)
	(5,2)
	(69,59)
	(91,61)
	(46,91)
	(70,68)
	(11,19)
	(46,28)
	(100,98)
	(73,75)
	(99,93)
	(65,5)
	(2,72)
	(34,32)
	(77,80)
	(91,46)
	(84,87)
	(78,74)
	(88,89)
	(99,19)
	(28,37)
	(76,79)
	(12,34)
	(27,37)
	(91,41)
	(93,99)
	(15,45)
	(16,17)
	(27,21)
	(36,86)
	(33,11)
	(24,6)
	(71,31)
	(43,3)
	(73,46)
	(52,92)
	(84,66)
	(33,34);
param vertexCount := 100;
end;
